5	6
6	21
6	51
6	303
6	312
6	351
6	482
6	533
6	545
6	692
6	852
6	856
6	932
6	1000
6	1091
7	8
10	11
11	26
11	410
11	411
11	413
11	414
11	415
14	15
15	594
15	678
16	17
16	19
17	571
19	690
19	1028
20	21
20	22
21	6
21	26
21	36
21	51
21	58
21	80
21	132
21	144
21	156
21	162
21	204
21	220
21	248
21	252
21	265
21	268
21	303
21	305
21	310
21	313
21	315
21	364
21	365
21	366
21	367
21	383
21	387
21	392
21	410
21	415
21	431
21	434
21	460
21	482
21	484
21	516
21	533
21	540
21	545
21	547
21	552
21	555
21	559
21	566
21	571
21	594
21	665
21	672
21	688
21	692
21	694
21	716
21	745
21	772
21	779
21	810
21	856
21	858
21	870
21	877
21	915
21	932
21	947
21	968
21	989
21	1003
21	1004
21	1018
21	1028
21	1033
21	1076
21	1090
22	26
22	58
22	268
22	856
23	24
24	123
24	271
24	414
24	947
24	1025
25	26
26	80
26	156
26	162
26	206
26	268
26	431
26	434
26	550
26	666
26	667
26	718
26	866
26	944
31	32
32	19
32	162
32	667
32	692
32	716
32	779
32	947
32	1028
33	34
35	36
36	26
36	80
36	264
36	364
36	367
36	371
36	434
36	644
36	692
36	745
36	923
36	932
36	1003
36	1033
36	1091
37	38
39	40
40	26
40	80
40	414
40	460
40	579
40	678
40	856
40	968
40	1018
40	1025
40	1028
41	42
42	80
42	364
42	367
42	434
42	585
42	667
42	716
42	718
42	877
42	944
42	958
48	49
49	162
49	184
49	313
49	539
49	545
49	692
49	718
49	842
49	1028
50	51
51	6
51	21
51	26
51	162
51	308
51	410
51	434
51	550
51	571
51	648
51	666
51	879
51	915
51	932
51	1003
51	1084
51	1090
52	53
53	58
53	264
53	716
56	57
56	58
57	26
57	162
57	168
57	246
57	271
57	322
57	442
57	454
57	832
58	26
58	36
58	80
58	264
58	315
58	415
58	431
58	434
58	516
58	672
58	879
58	915
58	968
59	60
60	322
61	62
62	322
63	64
64	662
67	68
67	69
67	70
70	80
70	132
70	434
72	73
73	183
73	184
74	73
75	76
77	78
79	80
80	6
80	36
80	40
80	200
80	204
80	220
80	265
80	268
80	308
80	366
80	367
80	383
80	414
80	415
80	426
80	431
80	434
80	446
80	516
80	550
80	559
80	658
80	666
80	667
80	678
80	681
80	690
80	701
80	714
80	718
80	730
80	751
80	843
80	856
80	866
80	931
80	932
80	944
80	964
80	968
80	1003
80	1028
80	1090
80	1091
80	1093
81	82
85	86
86	1090
87	88
87	89
87	90
88	87
88	89
88	367
88	820
89	26
89	87
89	88
89	90
89	364
89	633
89	666
89	879
89	914
89	1018
90	87
90	88
90	89
93	94
94	26
94	107
94	132
94	431
94	1003
97	98
98	268
98	353
98	852
99	11
100	101
101	915
102	103
103	329
104	105
105	51
105	107
105	162
105	308
105	364
105	877
106	107
107	8
107	53
107	265
107	312
107	364
107	454
107	714
107	866
108	109
110	111
112	113
112	114
114	314
114	579
115	15
116	117
117	383
117	566
117	718
117	962
117	1018
117	1093
118	119
119	220
119	658
120	121
121	633
122	123
128	129
129	26
129	594
129	856
130	131
130	132
131	718
131	730
133	134
135	136
136	369
136	1084
141	142
142	8
142	132
142	162
142	265
142	322
142	446
142	690
142	779
142	798
142	852
142	856
143	144
144	424
144	451
144	1044
145	146
146	220
147	148
148	579
148	756
148	843
148	1025
148	1069
151	152
153	154
155	156
156	21
156	26
156	58
156	162
156	268
156	366
156	431
156	516
156	555
156	637
156	666
156	678
156	692
156	730
156	856
156	877
156	915
156	923
156	968
156	1003
156	1004
156	1028
156	1090
159	160
160	168
160	769
160	932
161	162
162	80
162	264
162	366
162	392
162	451
162	533
162	545
162	557
162	559
162	585
162	648
162	656
162	667
162	718
162	843
162	852
162	856
162	866
162	879
162	1028
162	1038
162	1091
163	164
165	166
166	307
166	338
166	451
166	454
166	550
166	772
167	168
168	6
168	21
168	26
168	36
168	57
168	58
168	107
168	121
168	132
168	142
168	160
168	162
168	167
168	176
168	184
168	186
168	204
168	220
168	268
168	271
168	308
168	310
168	312
168	313
168	314
168	315
168	322
168	351
168	367
168	387
168	410
168	411
168	415
168	429
168	431
168	434
168	442
168	446
168	451
168	454
168	460
168	471
168	478
168	482
168	516
168	527
168	539
168	551
168	552
168	553
168	559
168	579
168	585
168	633
168	641
168	656
168	662
168	678
168	692
168	694
168	716
168	735
168	736
168	745
168	751
168	772
168	794
168	848
168	852
168	856
168	866
168	879
168	914
168	915
168	932
168	955
168	967
168	968
168	989
168	1000
168	1002
168	1003
168	1004
168	1018
168	1025
168	1027
168	1040
169	170
170	26
170	162
170	169
170	387
170	414
170	579
170	877
175	176
176	550
176	716
176	852
176	1040
176	1076
177	178
178	58
181	182
183	73
183	184
184	6
184	915
185	186
186	442
187	188
189	190
190	310
196	197
196	198
197	80
198	324
198	325
198	367
199	200
199	201
199	202
200	26
200	80
200	199
200	201
200	202
200	441
201	200
201	202
201	441
201	442
202	199
202	200
202	201
202	880
203	204
204	325
204	367
204	383
204	434
204	541
204	877
204	931
204	1093
205	206
206	26
206	36
206	205
206	279
206	322
206	451
206	668
206	820
206	932
206	1007
207	208
209	210
210	132
210	424
210	658
210	667
211	212
211	213
212	6
212	21
212	26
212	57
212	80
212	152
212	166
212	184
212	204
212	213
212	268
212	278
212	307
212	310
212	313
212	315
212	322
212	338
212	364
212	365
212	387
212	414
212	415
212	431
212	434
212	442
212	446
212	451
212	454
212	455
212	460
212	476
212	482
212	516
212	545
212	579
212	635
212	656
212	657
212	662
212	678
212	685
212	692
212	716
212	732
212	785
212	794
212	820
212	852
212	856
212	914
212	915
212	931
212	939
212	950
212	955
212	967
212	968
212	1018
212	1019
213	1040
216	184
217	218
218	58
218	365
218	371
218	482
218	633
218	745
218	796
218	1005
219	220
220	36
220	80
220	248
220	367
220	383
220	550
220	658
220	667
220	690
220	718
220	964
220	1090
221	222
222	365
222	686
223	224
224	223
225	226
226	225
226	779
229	230
229	231
233	15
236	237
237	941
238	239
244	245
244	246
245	246
245	410
246	32
246	64
246	315
246	732
246	1003
247	248
248	26
248	80
248	220
248	367
248	383
248	549
248	690
248	718
248	915
248	962
248	1090
251	252
251	253
251	254
251	255
252	26
252	148
252	446
252	579
252	716
252	843
252	852
252	1017
253	19
253	24
253	58
253	251
253	262
253	268
253	353
253	387
253	425
253	434
253	637
253	658
253	677
253	810
253	832
253	852
253	905
253	996
253	1084
256	257
260	261
262	253
262	264
262	265
262	266
262	268
264	36
264	42
264	80
264	204
264	220
264	268
264	279
264	303
264	308
264	364
264	367
264	431
264	434
264	482
264	541
264	549
264	550
264	667
264	718
264	745
264	877
264	915
264	932
264	944
264	967
264	1003
264	1004
264	1028
264	1033
265	714
266	746
268	21
268	26
268	36
268	156
268	248
268	367
268	434
268	718
268	856
268	877
268	1003
268	1028
268	1090
269	237
270	271
271	24
271	26
271	132
271	312
271	387
271	482
273	274
274	273
275	276
276	162
276	307
276	313
276	325
276	353
276	451
276	1018
277	278
277	279
277	280
278	94
278	279
278	667
278	690
279	353
279	553
280	279
280	553
280	667
280	690
281	282
283	284
285	276
286	287
287	460
288	289
289	678
289	1106
290	291
290	292
290	293
290	294
290	295
290	296
290	297
291	290
291	292
291	293
291	294
291	295
291	296
291	297
292	290
292	291
292	293
292	294
292	295
292	296
292	297
293	290
293	291
293	292
293	294
293	295
293	296
293	297
294	290
294	291
294	292
294	293
294	295
294	296
294	297
295	290
295	291
295	292
295	293
295	294
295	296
295	297
296	290
296	291
296	292
296	293
296	294
296	295
296	297
297	290
297	291
297	292
297	293
297	294
297	295
297	296
298	299
299	132
299	366
299	367
299	730
299	736
302	303
303	6
303	26
303	204
303	264
303	364
303	367
303	732
303	932
303	968
303	1001
303	1090
303	1091
304	305
305	21
305	26
306	307
306	308
306	309
306	310
306	311
306	312
306	313
306	314
306	315
307	166
307	198
307	212
307	322
307	324
307	338
307	353
307	442
307	452
307	736
307	744
308	6
308	26
308	80
308	204
308	415
308	434
308	550
308	559
308	667
308	672
308	690
308	866
308	919
308	932
308	944
308	958
308	1003
308	1090
309	732
310	454
310	939
311	338
311	442
311	455
311	694
312	6
312	75
312	107
312	265
312	716
312	852
312	967
312	1091
313	8
313	107
313	162
313	265
313	268
313	346
313	550
313	552
313	714
313	932
313	1003
313	1028
314	6
314	434
314	692
314	802
314	1004
315	40
315	107
315	162
315	170
315	184
315	268
315	364
315	409
315	415
315	482
315	516
315	557
315	585
315	658
315	666
315	690
315	718
315	915
315	919
315	1028
315	1084
316	317
316	318
316	319
316	320
317	21
317	26
317	316
317	318
317	320
317	446
317	539
317	667
317	736
317	914
318	353
318	579
319	676
320	316
320	317
321	322
322	6
322	17
322	24
322	40
322	57
322	60
322	62
322	64
322	76
322	80
322	89
322	103
322	114
322	130
322	131
322	132
322	142
322	145
322	147
322	151
322	164
322	166
322	168
322	169
322	176
322	188
322	198
322	201
322	206
322	210
322	212
322	224
322	246
322	248
322	255
322	268
322	271
322	274
322	276
322	278
322	299
322	303
322	307
322	310
322	312
322	318
322	321
322	324
322	338
322	346
322	353
322	354
322	365
322	366
322	367
322	377
322	383
322	397
322	398
322	399
322	415
322	421
322	426
322	436
322	441
322	442
322	449
322	455
322	482
322	496
322	497
322	514
322	516
322	526
322	529
322	531
322	537
322	538
322	539
322	548
322	549
322	555
322	565
322	571
322	579
322	584
322	585
322	593
322	594
322	596
322	604
322	608
322	610
322	633
322	635
322	674
322	681
322	686
322	690
322	694
322	703
322	705
322	710
322	735
322	741
322	742
322	744
322	745
322	751
322	755
322	756
322	759
322	764
322	769
322	772
322	773
322	779
322	795
322	798
322	810
322	813
322	823
322	828
322	832
322	836
322	852
322	862
322	870
322	889
322	891
322	892
322	893
322	896
322	897
322	898
322	900
322	905
322	911
322	912
322	914
322	916
322	917
322	922
322	930
322	932
322	943
322	945
322	955
322	967
322	989
322	991
322	1002
322	1004
322	1007
322	1017
322	1018
322	1025
322	1033
322	1038
322	1042
322	1063
322	1076
322	1091
322	1093
322	1095
322	1103
322	1105
322	1113
323	198
323	324
323	325
324	198
324	325
324	411
325	198
325	204
325	324
325	915
325	1027
326	327
327	351
327	736
327	955
327	1027
327	1084
328	329
329	103
329	144
329	176
329	213
329	658
329	842
329	856
329	900
329	1054
330	331
334	331
335	331
336	331
337	338
338	21
338	26
338	132
338	166
338	176
338	212
338	307
338	311
338	353
338	482
338	540
338	751
338	937
338	968
338	1004
338	1091
339	340
339	341
339	342
339	345
339	346
339	347
339	348
339	349
342	877
346	107
346	313
346	351
346	454
346	714
346	779
346	1028
348	107
348	339
350	351
351	6
351	58
351	162
351	346
351	365
351	675
351	728
351	879
351	932
351	1028
352	353
352	354
353	6
353	40
353	57
353	148
353	182
353	315
353	322
353	550
353	579
353	594
353	633
353	681
353	692
353	710
353	756
353	772
353	779
353	813
353	824
353	832
353	852
353	856
353	917
353	967
353	968
353	1028
353	1076
354	21
354	24
354	26
354	36
354	53
354	58
354	78
354	80
354	111
354	114
354	117
354	129
354	132
354	144
354	162
354	176
354	213
354	246
354	248
354	264
354	268
354	271
354	289
354	312
354	313
354	315
354	322
354	346
354	351
354	352
354	353
354	364
354	365
354	366
354	367
354	371
354	392
354	393
354	410
354	411
354	415
354	442
354	446
354	451
354	460
354	465
354	482
354	499
354	527
354	540
354	552
354	553
354	559
354	579
354	594
354	635
354	648
354	656
354	658
354	662
354	665
354	666
354	667
354	675
354	678
354	681
354	690
354	692
354	710
354	716
354	718
354	732
354	735
354	736
354	744
354	745
354	759
354	772
354	779
354	783
354	810
354	820
354	830
354	832
354	839
354	847
354	848
354	852
354	856
354	905
354	924
354	949
354	960
354	967
354	996
354	1003
354	1018
354	1025
354	1038
354	1040
354	1044
354	1076
354	1080
354	1088
354	1091
354	1093
354	1096
354	1097
355	212
356	357
357	26
357	36
357	80
357	132
357	156
357	162
357	366
357	411
357	446
357	533
357	553
357	556
357	571
357	637
357	656
357	672
357	678
357	690
357	692
357	714
357	718
357	751
357	843
357	858
357	914
358	357
359	357
360	357
363	364
363	365
363	366
363	367
364	6
364	8
364	107
364	264
364	694
364	714
364	866
364	877
364	1028
365	8
365	26
365	107
365	132
365	162
365	312
365	351
365	364
365	371
365	410
365	415
365	454
365	552
365	692
365	716
365	852
365	1000
365	1002
365	1090
366	26
366	80
366	132
366	367
366	383
366	392
366	667
366	690
366	718
366	745
366	1093
367	26
367	36
367	42
367	80
367	204
367	220
367	264
367	366
367	383
367	516
367	533
367	566
367	662
367	690
367	692
367	718
367	745
367	802
367	866
367	877
367	915
367	931
367	944
367	962
367	964
367	968
367	1090
367	1093
368	369
369	329
369	409
369	424
369	553
369	656
369	658
369	667
369	701
369	759
369	785
369	949
369	955
369	1053
369	1054
369	1076
370	371
371	856
371	967
372	373
374	375
375	779
376	377
377	162
377	376
377	1001
377	1005
378	379
382	383
383	21
383	80
383	117
383	204
383	220
383	248
383	366
383	367
383	371
383	414
383	434
383	484
383	541
383	662
383	678
383	690
383	714
383	718
383	730
383	745
383	877
383	915
383	931
383	932
383	962
383	1003
383	1004
383	1018
383	1090
383	1093
386	387
387	170
390	338
391	392
392	26
392	162
392	366
392	367
392	533
392	658
392	662
392	718
392	848
392	858
392	1038
393	394
395	396
396	315
396	367
396	395
397	398
398	397
399	400
399	401
400	399
400	401
401	26
401	132
401	308
401	364
401	373
401	399
401	400
401	592
401	1004
402	357
403	404
404	310
404	635
405	404
407	408
407	409
408	58
408	204
408	220
408	248
408	367
408	383
408	434
408	484
408	533
408	877
408	1027
408	1090
409	144
409	265
409	369
409	555
409	656
409	690
409	1084
410	26
410	36
410	58
410	162
410	176
410	245
410	434
410	451
410	454
410	482
410	545
410	550
410	666
410	672
410	745
410	968
410	1027
410	1028
410	1091
411	32
411	552
411	968
413	8
413	26
413	162
413	314
413	460
413	550
413	553
413	559
413	656
413	657
413	662
413	678
413	732
413	785
414	24
414	40
414	58
414	76
414	80
414	162
414	170
414	265
414	353
414	366
414	383
414	415
414	431
414	460
414	499
414	516
414	547
414	550
414	559
414	579
414	678
414	683
414	714
414	728
414	879
414	914
414	1067
415	714
415	866
416	190
417	418
418	21
418	415
418	1091
419	15
420	421
421	310
422	423
422	424
423	119
423	220
423	422
424	656
424	658
425	253
425	426
426	6
426	80
426	415
426	434
426	539
426	566
426	654
426	950
428	429
430	431
431	94
431	204
431	264
431	915
432	15
433	434
434	6
434	26
434	36
434	80
434	264
434	268
434	308
434	364
434	383
434	410
434	431
434	446
434	648
434	667
434	866
434	879
434	923
434	962
434	968
434	1033
434	1090
435	436
437	310
437	404
438	439
440	101
441	200
441	201
442	168
442	186
442	307
442	311
442	354
442	411
442	559
442	592
442	661
442	662
442	685
442	744
442	813
442	814
442	817
442	842
442	912
442	916
442	917
442	970
442	1025
442	1046
445	446
446	6
446	26
446	1028
446	1040
447	446
448	449
449	26
449	36
449	411
449	692
449	728
450	451
451	6
451	21
451	26
451	58
451	132
451	162
451	176
451	268
451	364
451	367
451	533
451	571
451	635
451	658
451	662
451	745
451	792
451	900
451	923
451	939
451	1018
451	1038
452	26
452	307
452	446
452	453
452	454
452	455
453	26
453	132
453	162
453	204
453	579
453	962
454	107
454	310
454	365
454	410
454	665
454	716
454	732
454	744
454	852
454	939
455	162
455	212
455	311
455	313
455	692
455	772
456	15
457	458
459	40
459	460
460	26
460	414
460	553
460	579
460	678
460	745
461	463
464	465
468	469
468	470
468	471
468	473
468	474
469	26
469	82
469	268
469	470
470	468
470	469
471	21
471	26
471	58
471	168
471	220
471	268
471	434
471	469
471	473
471	673
471	690
471	694
471	759
471	856
471	877
471	1037
471	1090
473	26
473	144
473	220
473	248
473	268
473	367
473	424
473	470
473	471
473	484
473	571
473	585
473	900
473	1090
474	468
475	476
476	64
476	190
476	274
476	278
476	433
476	475
476	479
476	538
476	557
476	596
476	648
476	661
476	731
476	795
476	818
476	860
476	870
476	905
476	911
476	912
476	917
476	973
476	1029
476	1104
477	478
481	482
482	6
482	21
482	26
482	58
482	132
482	162
482	365
482	431
482	550
482	571
482	585
482	594
482	690
482	751
482	810
482	915
482	919
482	968
482	1004
482	1018
482	1033
482	1038
483	484
484	204
484	383
484	877
489	491
492	493
492	494
493	6
493	26
493	434
494	492
495	15
496	497
497	26
497	198
497	312
497	324
497	364
497	365
497	383
497	415
497	434
497	555
497	751
497	783
497	798
497	852
497	856
497	900
497	905
497	915
497	1040
498	499
499	354
499	914
500	15
501	502
503	504
507	508
508	312
509	15
510	511
512	15
513	514
515	516
516	21
516	26
516	132
516	162
516	168
516	176
516	248
516	312
516	367
516	414
516	454
516	482
516	672
516	718
516	820
516	852
516	879
516	967
516	1038
520	521
521	520
522	523
523	369
524	15
525	526
525	527
526	525
526	527
527	146
527	220
527	312
527	525
527	526
527	769
527	772
527	879
528	279
528	529
529	26
529	279
529	482
529	553
529	608
529	662
529	726
530	531
532	533
533	6
533	26
533	162
533	383
533	434
533	446
533	451
533	484
533	667
533	714
533	745
533	877
533	931
533	962
533	1027
533	1096
534	15
535	436
536	436
537	367
538	539
538	540
538	541
539	49
539	107
539	198
539	426
539	451
539	585
539	716
539	756
539	810
539	820
540	21
540	53
540	58
540	365
541	6
541	36
541	42
541	80
541	144
541	204
541	303
541	308
541	364
541	367
541	383
541	431
541	434
541	533
541	714
541	866
541	932
541	1028
541	1090
542	543
543	80
543	162
543	204
543	369
543	451
543	967
543	1003
543	1004
543	1093
544	545
545	6
545	8
545	21
545	26
545	36
545	49
545	51
545	107
545	132
545	162
545	265
545	268
545	364
545	371
545	415
545	434
545	451
545	550
545	552
545	658
545	678
545	852
545	856
545	877
545	915
545	932
545	967
545	968
545	989
545	1003
545	1004
545	1027
545	1033
545	1038
545	1090
545	1091
546	547
547	24
547	58
547	415
547	571
547	856
547	915
547	1028
548	107
548	162
548	279
548	322
548	549
548	550
548	551
548	552
548	553
548	554
548	555
548	556
548	557
549	248
549	264
549	322
549	367
549	411
549	548
549	550
549	553
549	667
549	690
549	692
549	947
549	1004
550	32
550	51
550	80
550	156
550	176
550	220
550	414
550	446
550	482
550	545
550	552
550	553
550	555
550	667
550	672
550	681
550	716
550	852
550	856
550	1003
550	1028
550	1040
550	1084
551	32
551	53
551	299
551	314
551	315
551	414
551	460
551	484
551	548
551	552
551	594
551	1084
552	279
552	312
552	411
552	550
552	557
552	657
552	852
553	58
553	162
553	204
553	280
553	366
553	383
553	415
553	431
553	434
553	446
553	533
553	549
553	550
553	658
553	666
553	714
553	716
553	951
553	1004
553	1028
553	1084
555	40
555	156
555	308
555	409
555	548
555	550
555	556
555	657
555	690
555	714
555	798
555	820
555	843
555	852
555	856
555	1028
556	553
556	555
556	579
556	641
556	843
556	1002
556	1069
557	162
557	552
557	667
558	559
562	58
565	566
565	567
566	366
566	369
566	426
566	667
566	785
567	565
568	436
569	570
569	571
571	248
571	434
571	482
571	547
571	555
571	667
571	690
571	820
571	866
571	915
571	919
571	931
571	932
572	436
577	15
578	579
579	40
579	57
579	148
579	170
579	265
579	353
579	446
579	555
579	556
579	578
579	1025
579	1069
580	15
581	15
582	583
583	248
584	322
584	585
585	8
585	26
585	162
585	533
585	539
585	579
585	665
585	672
585	714
585	728
585	821
585	852
585	856
585	1004
585	1028
586	583
587	583
588	583
589	583
590	583
591	592
592	107
592	401
592	431
592	539
592	585
593	594
594	26
594	36
594	107
594	162
594	220
594	265
594	315
594	365
594	414
594	431
594	434
594	482
594	551
594	675
594	728
594	858
594	875
594	924
594	965
594	968
594	989
595	596
596	322
596	595
598	599
600	602
603	604
604	322
604	710
604	1003
607	608
608	162
608	305
608	366
608	460
608	516
608	529
608	579
608	637
608	672
608	718
608	772
608	848
608	996
608	1018
608	1093
609	610
610	322
610	820
610	1017
613	387
616	617
616	618
616	619
617	26
617	618
618	617
620	58
623	626
631	387
632	633
633	26
633	353
633	594
633	692
634	635
636	637
637	26
637	42
637	162
637	176
637	268
637	303
637	410
637	482
637	716
637	879
637	915
637	932
637	1007
637	1028
637	1033
637	1090
638	639
638	640
638	641
641	40
641	80
641	353
641	556
641	681
641	779
641	843
643	644
644	36
644	351
644	415
644	431
644	550
644	852
645	646
647	648
648	26
648	36
648	162
648	268
648	308
648	371
648	434
648	658
648	852
648	866
648	915
648	923
648	1028
649	650
650	364
650	410
650	656
651	652
653	654
655	656
655	657
655	658
656	57
656	265
656	415
656	533
656	658
656	666
656	690
656	714
656	735
656	866
656	968
656	1037
656	1052
657	434
657	552
657	690
658	80
658	220
658	369
658	392
658	424
658	553
658	656
658	667
658	690
658	701
658	718
658	858
658	877
658	932
658	944
658	945
658	955
658	1018
658	1038
658	1040
661	442
661	482
661	662
662	8
662	64
662	322
662	367
662	392
662	516
662	559
662	690
662	716
662	865
662	915
662	1025
662	1093
663	212
664	308
664	665
664	666
664	667
665	21
665	410
665	415
665	434
665	454
665	585
665	681
665	856
665	858
665	968
665	1025
665	1073
666	8
666	26
666	51
666	156
666	366
666	410
666	730
666	989
667	80
667	156
667	176
667	204
667	265
667	278
667	279
667	280
667	366
667	369
667	424
667	431
667	434
667	446
667	550
667	557
667	566
667	656
667	657
667	658
667	678
667	690
667	701
667	718
667	730
667	745
667	785
667	856
667	932
667	945
667	947
667	949
667	951
667	962
667	1004
667	1028
667	1033
667	1084
668	669
670	26
671	672
671	673
671	674
671	675
671	676
671	677
671	678
671	679
671	680
671	681
672	8
672	26
672	58
672	80
672	132
672	142
672	162
672	176
672	248
672	264
672	268
672	308
672	357
672	364
672	366
672	367
672	410
672	415
672	434
672	482
672	516
672	585
672	667
672	690
672	716
672	728
672	736
672	852
672	856
672	858
672	879
672	962
672	968
672	1003
672	1025
672	1028
672	1033
672	1038
672	1090
672	1091
673	105
673	888
673	1090
675	132
675	351
675	594
675	852
675	1096
676	58
676	852
676	856
678	80
678	431
678	446
678	658
678	666
678	667
678	690
678	701
678	879
678	1004
680	409
681	550
681	641
681	914
682	683
683	26
683	268
683	571
683	919
683	1090
684	685
684	686
685	212
685	312
685	442
685	608
685	684
685	694
685	716
685	736
685	924
685	1018
686	222
686	365
686	924
686	1003
687	688
688	6
688	21
688	36
688	268
688	371
688	383
688	648
688	667
688	866
688	931
688	1003
688	1065
688	1090
688	1091
689	690
690	80
690	366
690	367
690	383
690	409
690	431
690	656
690	657
690	658
690	667
690	678
690	718
690	843
690	856
690	944
690	968
690	1090
690	1093
691	692
692	6
692	26
692	80
692	248
692	312
692	365
692	367
692	559
692	565
692	658
692	671
692	716
692	905
692	964
692	967
692	1038
693	694
693	695
694	311
694	369
694	552
694	695
695	6
695	58
695	364
695	694
695	751
695	772
700	701
701	80
701	369
701	424
701	658
701	667
701	678
701	802
701	915
701	1084
702	703
703	312
703	353
703	633
703	692
703	796
703	856
703	1082
704	705
706	707
707	559
708	303
708	709
708	710
709	708
710	6
710	26
710	162
710	168
710	268
710	315
710	353
710	436
710	451
710	454
710	539
710	692
710	852
710	862
710	914
710	999
710	1040
711	712
712	896
713	714
714	265
714	409
714	555
715	716
716	32
716	107
716	176
716	312
716	454
716	550
716	552
716	692
716	852
716	967
717	718
718	26
718	80
718	117
718	132
718	144
718	220
718	248
718	278
718	279
718	357
718	366
718	367
718	369
718	383
718	553
718	666
718	667
718	672
718	689
718	690
718	785
718	866
718	931
718	951
718	964
718	1003
718	1028
718	1084
718	1090
718	1093
719	720
720	719
723	724
724	366
725	279
725	529
725	726
726	279
726	329
726	414
726	529
726	819
726	1003
727	594
727	728
727	729
727	730
728	8
728	351
728	411
728	414
728	585
728	594
728	672
728	716
728	915
728	1003
728	1018
728	1027
729	932
730	80
730	162
730	176
730	204
730	220
730	248
730	265
730	366
730	367
730	383
730	409
730	484
730	666
730	667
730	678
730	690
730	745
730	820
730	856
730	900
730	945
730	962
730	1084
730	1093
731	476
731	732
731	733
731	734
731	735
731	736
732	246
732	313
732	454
732	914
732	939
732	967
733	80
733	132
733	415
733	731
733	886
734	411
734	571
734	666
734	843
735	168
735	268
735	322
735	354
735	521
735	731
735	736
735	1096
736	6
736	26
736	132
736	144
736	156
736	162
736	168
736	170
736	213
736	248
736	268
736	271
736	299
736	307
736	317
736	324
736	327
736	354
736	364
736	365
736	387
736	418
736	454
736	482
736	531
736	533
736	550
736	594
736	666
736	672
736	685
736	692
736	694
736	729
736	732
736	735
736	745
736	756
736	779
736	794
736	810
736	828
736	830
736	832
736	870
736	877
736	932
736	937
736	939
736	958
736	967
736	987
736	1002
736	1004
736	1018
736	1025
736	1033
736	1038
736	1040
736	1076
736	1082
737	15
738	739
740	15
741	322
741	742
741	743
741	744
741	745
744	58
744	162
744	446
744	454
744	549
744	690
744	1007
745	184
745	434
745	446
745	714
745	877
746	266
746	744
749	204
750	751
750	752
751	26
751	162
751	220
751	366
751	550
751	594
751	678
751	915
751	1018
755	756
756	26
756	148
756	353
756	539
756	945
757	752
758	759
759	26
759	411
759	678
762	763
763	1044
764	765
768	769
769	451
769	527
770	771
770	772
771	482
771	497
772	36
772	1003
773	465
773	774
774	465
774	773
779	353
779	579
779	641
779	862
780	781
781	1033
782	783
783	162
783	354
783	366
783	476
783	539
783	782
783	939
783	967
784	785
785	369
785	413
785	553
785	566
785	667
785	718
785	784
785	945
785	1084
786	788
791	792
792	366
792	367
793	794
794	947
794	989
794	1028
795	796
796	1082
797	798
797	799
798	142
798	162
798	539
798	797
798	799
799	798
800	802
802	42
802	314
802	367
802	434
802	533
802	678
802	701
802	730
802	879
802	1093
803	804
809	26
809	810
809	811
810	21
810	26
810	36
810	162
810	204
810	253
810	268
810	303
810	322
810	354
810	434
810	482
810	539
810	545
810	547
810	736
810	809
810	811
810	875
810	950
810	1033
811	810
812	813
813	353
813	442
813	497
813	594
814	442
814	815
814	816
814	817
815	26
815	816
816	815
816	817
817	132
817	162
817	414
817	442
817	476
817	552
817	566
817	815
817	816
817	877
817	879
817	915
817	932
817	1033
818	476
818	819
818	820
818	821
819	26
819	931
820	312
820	550
820	555
820	571
820	657
820	662
820	843
820	856
820	932
820	1028
822	823
822	824
824	353
825	826
826	656
827	828
828	26
828	51
828	58
828	220
828	367
828	442
828	484
828	736
828	820
828	852
828	1090
829	830
830	369
830	736
831	832
832	26
832	57
832	162
832	168
832	253
832	353
832	354
832	434
832	442
832	545
832	692
832	736
832	879
832	935
832	1025
832	1090
833	834
834	26
834	833
834	1037
835	836
836	26
837	26
837	212
838	839
840	220
841	842
841	843
841	844
842	26
842	49
842	142
842	166
842	315
842	329
842	442
842	539
842	548
842	841
842	917
842	932
842	968
843	80
843	148
843	162
843	220
843	555
843	571
843	657
843	690
843	718
843	944
843	1084
844	579
845	846
847	848
848	366
848	383
848	608
848	962
849	850
850	849
851	852
851	853
851	854
851	856
852	6
852	142
852	162
852	168
852	176
852	310
852	312
852	353
852	365
852	454
852	545
852	550
852	552
852	555
852	585
852	648
852	672
852	675
852	716
852	968
852	1028
853	21
853	58
853	86
853	132
853	210
853	231
853	276
853	347
853	367
853	408
853	434
853	484
853	585
853	672
853	676
853	678
853	726
853	765
853	852
853	854
853	856
853	888
853	915
853	923
853	1027
856	6
856	26
856	129
856	156
856	162
856	268
856	364
856	367
856	434
856	545
856	550
856	555
856	585
856	656
856	667
856	678
856	690
856	820
856	828
856	915
856	932
856	947
856	968
856	1004
856	1018
856	1028
856	1090
857	556
857	858
858	26
858	117
858	265
858	357
858	364
858	392
858	451
858	545
858	658
858	672
858	714
858	745
858	915
858	932
858	1038
860	476
861	862
862	710
863	862
864	865
864	866
866	21
866	26
866	132
866	434
866	533
866	566
866	656
866	667
866	672
866	678
866	820
866	856
866	877
866	962
866	1084
867	862
868	862
869	870
869	871
870	21
870	26
870	365
870	476
870	736
870	751
870	871
871	870
872	873
873	872
874	875
875	387
876	877
877	21
877	107
877	162
877	204
877	264
877	265
877	268
877	308
877	364
877	367
877	383
877	449
877	484
877	533
877	552
877	658
877	667
877	915
877	931
877	932
877	962
877	1003
877	1033
877	1090
877	1093
878	879
879	26
879	51
879	58
879	162
879	314
879	351
879	550
879	637
879	672
879	716
879	772
879	826
880	201
880	202
881	882
882	26
883	862
884	862
885	886
886	733
887	888
888	51
888	673
889	610
891	892
892	891
893	894
894	26
895	896
896	712
897	898
898	357
898	539
898	540
898	594
898	728
898	856
899	900
900	162
900	220
900	329
900	533
900	692
900	964
900	1040
900	1090
901	497
901	902
902	901
902	932
903	904
903	905
904	905
905	312
905	354
905	903
905	904
908	909
910	911
911	246
911	543
911	877
911	998
911	999
911	1000
911	1001
911	1002
911	1003
911	1004
911	1005
911	1007
912	315
912	913
912	914
912	915
913	1090
914	667
915	6
915	204
915	248
915	264
915	364
915	367
915	431
915	571
915	701
915	728
915	877
915	923
915	932
915	968
915	1003
915	1004
915	1033
915	1090
916	322
916	442
916	917
917	322
917	353
917	442
917	476
917	879
917	916
918	919
919	533
919	571
922	923
922	924
923	36
923	156
923	265
923	446
923	648
923	667
923	714
923	745
923	856
923	866
923	877
923	915
923	1028
923	1084
923	1090
924	364
924	434
924	932
924	968
924	1004
925	728
928	929
930	315
930	322
930	931
930	932
931	26
931	80
931	220
931	367
931	383
931	533
931	571
931	688
931	714
931	718
931	745
931	877
931	962
931	1033
931	1044
931	1093
932	21
932	36
932	51
932	204
932	264
932	268
932	308
932	364
932	367
932	431
932	434
932	545
932	648
932	658
932	667
932	714
932	820
932	856
932	858
932	866
932	877
932	915
932	931
932	962
932	1003
932	1028
932	1090
933	57
934	935
935	26
935	162
935	248
935	365
935	875
935	947
936	937
937	26
937	353
937	454
937	915
937	967
938	939
938	940
939	26
939	107
939	162
939	279
939	310
939	364
939	415
939	454
939	732
939	931
939	967
940	367
941	237
942	539
943	322
943	366
943	369
943	658
943	944
943	945
943	947
943	949
943	950
943	951
943	954
943	955
943	956
944	80
944	162
944	308
944	366
944	367
944	431
944	541
944	550
944	666
944	690
944	714
944	718
944	730
944	745
944	947
944	968
944	1033
944	1040
944	1093
945	369
945	658
945	667
945	678
945	690
945	692
945	718
945	785
947	24
947	144
947	751
947	852
947	856
947	951
947	1040
949	366
949	667
949	955
950	810
950	951
951	6
951	667
951	950
954	950
954	951
955	658
955	667
955	943
955	945
955	949
956	943
957	958
958	736
959	960
960	26
960	142
960	162
960	264
960	268
960	415
960	434
960	550
960	716
960	856
960	877
960	968
961	962
961	964
961	965
962	80
962	117
962	162
962	220
962	265
962	366
962	367
962	383
962	446
962	453
962	533
962	553
962	662
962	714
962	718
962	730
962	745
962	866
962	877
962	932
962	1027
962	1090
962	1093
964	80
964	204
964	220
964	366
964	367
964	434
964	692
964	718
964	848
964	900
965	26
965	162
965	204
965	690
966	585
966	939
966	967
966	968
967	264
967	312
967	367
967	371
967	716
967	732
967	939
967	1005
968	1028
968	1106
969	970
970	877
971	972
973	974
973	975
975	367
975	451
976	977
981	982
984	132
986	987
987	736
987	986
988	989
989	36
990	991
991	142
992	993
992	994
994	993
995	6
995	996
996	26
996	253
996	351
996	1028
997	728
998	911
998	1003
999	21
999	364
999	415
999	543
999	688
999	710
999	911
999	932
999	1096
1000	6
1000	692
1000	877
1000	1003
1000	1005
1001	1017
1001	1018
1002	53
1002	58
1002	107
1002	132
1002	312
1002	346
1002	365
1002	454
1002	476
1002	482
1002	552
1002	556
1002	736
1002	745
1003	26
1003	94
1003	264
1003	308
1003	411
1003	550
1003	728
1003	856
1003	877
1003	915
1003	932
1003	967
1003	1028
1004	6
1004	144
1004	265
1004	329
1004	446
1004	545
1004	553
1004	555
1004	666
1004	667
1004	678
1004	714
1004	856
1004	866
1004	919
1004	1003
1004	1028
1004	1033
1004	1090
1005	8
1005	26
1005	264
1005	364
1005	377
1005	401
1005	415
1005	431
1005	434
1005	541
1005	656
1005	667
1005	911
1005	932
1005	967
1005	1003
1005	1028
1007	26
1007	162
1007	657
1007	728
1007	967
1007	1004
1011	1012
1017	657
1018	26
1018	220
1018	383
1018	446
1018	482
1018	658
1018	675
1018	714
1018	751
1018	856
1018	944
1018	1028
1019	212
1024	1025
1025	24
1025	26
1025	36
1025	40
1025	148
1025	162
1025	168
1025	200
1025	579
1025	675
1025	962
1026	1027
1026	1028
1027	80
1027	325
1027	367
1027	411
1027	434
1027	484
1027	516
1027	533
1027	559
1027	718
1027	728
1027	915
1027	1033
1027	1040
1027	1044
1027	1090
1028	19
1028	40
1028	156
1028	162
1028	268
1028	313
1028	346
1028	353
1028	364
1028	410
1028	547
1028	550
1028	585
1028	637
1028	716
1028	794
1028	852
1028	856
1028	923
1028	932
1028	967
1028	968
1028	996
1028	1003
1028	1004
1028	1090
1028	1106
1029	672
1030	1031
1032	1033
1033	21
1033	26
1033	36
1033	58
1033	268
1033	367
1033	541
1033	688
1033	856
1033	877
1033	915
1033	968
1033	1028
1036	1037
1036	1038
1037	26
1037	51
1037	132
1037	471
1037	656
1037	834
1038	168
1038	351
1038	392
1038	446
1038	451
1038	482
1038	516
1038	545
1038	692
1038	736
1038	858
1038	944
1038	1025
1039	1040
1040	26
1040	213
1040	354
1040	424
1040	446
1040	550
1040	656
1040	658
1040	678
1040	915
1040	944
1040	947
1040	1084
1040	1090
1041	184
1041	315
1041	1042
1043	1044
1044	367
1045	1046
1046	1045
1047	1048
1047	1049
1050	1051
1052	1053
1052	1054
1053	329
1053	667
1053	1054
1054	369
1054	667
1054	1053
1055	1056
1056	132
1056	460
1056	1055
1057	366
1058	1059
1059	58
1060	1061
1061	1027
1062	1063
1063	322
1063	962
1064	1065
1065	688
1066	1067
1067	26
1067	414
1067	431
1067	571
1067	688
1067	718
1067	877
1067	919
1067	1018
1068	431
1069	57
1072	1073
1072	1074
1073	6
1073	347
1073	665
1073	852
1074	1072
1075	1076
1076	176
1076	369
1079	1080
1080	315
1080	365
1081	1082
1082	540
1082	633
1082	796
1083	1084
1084	6
1084	26
1084	51
1084	58
1084	80
1084	204
1084	280
1084	369
1084	409
1084	434
1084	550
1084	553
1084	656
1084	658
1084	667
1084	690
1084	701
1084	718
1084	856
1084	1053
1084	1054
1085	1086
1087	1088
1088	482
1088	516
1088	656
1088	1097
1089	915
1089	1090
1089	1091
1090	248
1090	268
1090	367
1090	383
1090	434
1090	690
1090	718
1090	877
1090	915
1090	1027
1090	1028
1091	6
1091	415
1091	434
1091	656
1091	672
1091	828
1091	1028
1092	1093
1093	6
1093	80
1093	117
1093	162
1093	204
1093	366
1093	367
1093	383
1093	449
1093	533
1093	662
1093	690
1093	718
1093	730
1093	877
1093	931
1093	932
1093	944
1093	962
1093	1090
1094	58
1095	186
1095	1096
1095	1097
1095	1098
1096	6
1096	26
1096	58
1096	132
1096	144
1096	162
1096	415
1096	434
1096	451
1096	877
1096	915
1096	999
1096	1004
1096	1090
1097	353
1097	354
1097	1088
1099	1100
1101	15
1102	132
1102	1103
1103	322
1104	476
1105	1106
1106	58
1106	265
1106	289
1106	366
1106	968
1106	1028
1106	1076
1106	1105
1109	15
1112	312
1113	1114
1115	1116
1116	26
