TRUSTS(103, 329)	1.0
TRUSTS(303, 322)	0.533688799299895
TRUSTS(410, 245)	0.36854816720019
TRUSTS(516, 212)	0.6022486884270928
TRUSTS(307, 166)	1.0
TRUSTS(415, 58)	0.6500511963901132
TRUSTS(415, 80)	0.46122119857876226
TRUSTS(107, 168)	0.5863277938055798
TRUSTS(204, 168)	0.6059213406196476
TRUSTS(203, 204)	0.0
TRUSTS(202, 199)	1.0
TRUSTS(202, 200)	0.8749289295672719
TRUSTS(202, 201)	1.0
TRUSTS(108, 109)	0.36854816720019
TRUSTS(308, 168)	0.502119760466856
TRUSTS(304, 305)	0.0
TRUSTS(413, 162)	0.37791878419106667
TRUSTS(507, 508)	1.0
TRUSTS(516, 176)	0.4523617179140626
TRUSTS(307, 198)	1.0
TRUSTS(407, 409)	1.0
TRUSTS(516, 168)	0.6231483444909881
TRUSTS(407, 408)	0.36854816720019
TRUSTS(312, 6)	0.6019673147683371
TRUSTS(198, 367)	1.0
TRUSTS(516, 162)	1.0
TRUSTS(408, 367)	1.0
TRUSTS(308, 204)	0.41063416851014983
TRUSTS(516, 156)	0.5808340225354764
TRUSTS(414, 40)	1.0
TRUSTS(313, 8)	0.35732043792339996
TRUSTS(105, 308)	1.0
TRUSTS(410, 176)	1.0
TRUSTS(414, 58)	0.0
TRUSTS(415, 21)	0.6446382385188754
TRUSTS(205, 206)	1.0
TRUSTS(411, 168)	0.575676388909763
TRUSTS(303, 367)	1.0
TRUSTS(516, 132)	0.583394719458851
TRUSTS(303, 364)	1.0
TRUSTS(110, 111)	0.36854816720019
TRUSTS(415, 11)	0.10662898658694442
TRUSTS(307, 212)	1.0
TRUSTS(306, 307)	0.0
TRUSTS(405, 404)	1.0
TRUSTS(306, 308)	0.36854816720019
TRUSTS(313, 49)	0.49964965947026946
TRUSTS(306, 309)	1.0
TRUSTS(306, 310)	1.0
TRUSTS(404, 437)	0.5048047985687993
TRUSTS(314, 6)	0.0
TRUSTS(312, 75)	0.0
TRUSTS(204, 212)	0.5691101174032773
TRUSTS(201, 322)	0.5362428634592429
TRUSTS(409, 265)	0.0
TRUSTS(414, 80)	1.0
TRUSTS(313, 21)	0.5671720191928867
TRUSTS(414, 76)	0.36854816720019
TRUSTS(516, 80)	0.5080783882295329
TRUSTS(204, 21)	0.7041718919489617
TRUSTS(413, 11)	0.5018018534047908
TRUSTS(308, 6)	0.0
TRUSTS(107, 53)	1.0
TRUSTS(413, 8)	0.0
TRUSTS(408, 204)	0.7131443517434872
TRUSTS(105, 107)	0.5633720788607587
TRUSTS(413, 26)	1.0
TRUSTS(299, 322)	0.5480273703304485
TRUSTS(200, 199)	1.0
TRUSTS(408, 220)	0.6749839924283987
TRUSTS(403, 404)	1.0
TRUSTS(299, 367)	0.582968415986335
TRUSTS(299, 366)	1.0
TRUSTS(98, 353)	1.0
TRUSTS(516, 58)	0.38355678070260396
TRUSTS(414, 11)	0.5065580514980942
TRUSTS(104, 105)	1.0
TRUSTS(410, 162)	1.0
TRUSTS(303, 204)	1.0
TRUSTS(410, 168)	0.6785079960312362
TRUSTS(199, 200)	1.0
TRUSTS(199, 201)	1.0
TRUSTS(199, 202)	1.0
TRUSTS(107, 8)	0.3282942074011969
TRUSTS(308, 26)	0.6407041959005702
TRUSTS(414, 24)	0.426323996786168
TRUSTS(408, 248)	0.6499190135612314
TRUSTS(201, 202)	1.0
TRUSTS(201, 200)	1.0
TRUSTS(410, 51)	0.6733763053323456
TRUSTS(201, 199)	0.7015159852898026
TRUSTS(508, 312)	1.0
TRUSTS(198, 307)	0.6029529603564958
TRUSTS(198, 322)	0.6408761731757774
TRUSTS(206, 26)	0.3690804308155388
TRUSTS(402, 357)	1.0
TRUSTS(516, 26)	0.5657784211538477
TRUSTS(410, 58)	1.0
TRUSTS(503, 504)	1.0
TRUSTS(516, 21)	1.0
TRUSTS(308, 51)	0.3859417272446314
TRUSTS(411, 32)	0.36854816720019
TRUSTS(401, 400)	0.49322038745059205
TRUSTS(198, 325)	1.0
TRUSTS(401, 399)	1.0
TRUSTS(198, 323)	0.5158723806071799
TRUSTS(198, 324)	1.0
TRUSTS(107, 105)	0.5494369057997175
TRUSTS(206, 36)	0.36762980722354527
TRUSTS(200, 202)	1.0
TRUSTS(200, 201)	0.8195432801029241
TRUSTS(310, 21)	0.5631135689044253
TRUSTS(308, 105)	0.49999880941086516
TRUSTS(105, 162)	1.0
TRUSTS(404, 310)	0.5104585300558495
TRUSTS(302, 303)	1.0
TRUSTS(303, 264)	0.6933005894103964
TRUSTS(308, 80)	0.0
TRUSTS(409, 144)	0.36854816720019
TRUSTS(106, 107)	1.0
TRUSTS(204, 80)	0.636272251446993
TRUSTS(516, 454)	1.0
TRUSTS(410, 11)	0.49999999999989725
TRUSTS(315, 107)	1.0
TRUSTS(196, 197)	0.36854816720019
TRUSTS(196, 198)	1.0
TRUSTS(314, 168)	0.5305138775840088
TRUSTS(399, 400)	0.5736010277361301
TRUSTS(399, 401)	0.4941579774084741
TRUSTS(310, 322)	0.5900481084523783
TRUSTS(408, 58)	0.5477012029499378
TRUSTS(102, 103)	0.0
TRUSTS(401, 373)	1.0
TRUSTS(307, 442)	1.0
TRUSTS(200, 26)	0.4274465004637358
TRUSTS(516, 414)	0.3112107251125981
TRUSTS(313, 212)	0.5956613285344354
TRUSTS(400, 401)	1.0
TRUSTS(401, 364)	1.0
TRUSTS(410, 36)	1.0
TRUSTS(308, 401)	0.4999999999999507
TRUSTS(410, 26)	0.6026706443619694
TRUSTS(315, 162)	1.0
TRUSTS(315, 168)	0.5965517765043608
TRUSTS(400, 399)	0.5721865086850064
TRUSTS(307, 452)	1.0
TRUSTS(308, 415)	0.0
TRUSTS(312, 265)	0.35306235434732575
TRUSTS(312, 271)	0.6245209557903009
TRUSTS(410, 21)	0.7087026000495449
TRUSTS(105, 51)	0.5661210813680883
TRUSTS(315, 184)	1.0
TRUSTS(308, 434)	1.0
TRUSTS(315, 170)	1.0
TRUSTS(313, 268)	1.0
TRUSTS(311, 338)	1.0
TRUSTS(313, 265)	0.0
TRUSTS(513, 514)	0.36854816720019
TRUSTS(315, 212)	0.6267891436799575
TRUSTS(312, 322)	0.6473242693533426
TRUSTS(401, 308)	0.36854855499891476
TRUSTS(98, 268)	1.0
TRUSTS(313, 276)	0.5214067135332414
TRUSTS(94, 431)	1.0
TRUSTS(200, 80)	0.42374870667759135
TRUSTS(398, 397)	0.4465936746144417
TRUSTS(516, 367)	0.5703795739059325
TRUSTS(310, 404)	0.5451287645216113
TRUSTS(306, 311)	1.0
TRUSTS(306, 312)	0.36854816720019
TRUSTS(307, 276)	0.5518478165165999
TRUSTS(306, 313)	0.36854816720019
TRUSTS(306, 314)	0.36854816720019
TRUSTS(306, 315)	1.0
TRUSTS(310, 168)	0.5610429156478026
TRUSTS(516, 322)	0.6084803512377501
TRUSTS(396, 395)	1.0
TRUSTS(398, 322)	0.5038152708230782
TRUSTS(190, 310)	0.36854816720019
TRUSTS(312, 107)	0.4828569923912281
TRUSTS(186, 442)	0.5191043034117194
TRUSTS(308, 264)	0.6869421489060813
TRUSTS(392, 533)	0.0
TRUSTS(510, 511)	0.0
TRUSTS(315, 21)	0.6176764561579446
TRUSTS(397, 398)	1.0
TRUSTS(307, 324)	0.7056172882071947
TRUSTS(310, 212)	0.561174168430539
TRUSTS(307, 322)	1.0
TRUSTS(313, 107)	1.0
TRUSTS(516, 312)	0.5187305785658722
TRUSTS(524, 15)	1.0
TRUSTS(315, 40)	0.5110150463783053
TRUSTS(516, 315)	0.5762744006395506
TRUSTS(307, 338)	0.8152320913365134
TRUSTS(307, 353)	0.7916979266429168
TRUSTS(312, 168)	0.599318521607533
TRUSTS(100, 101)	0.36854816720019
TRUSTS(396, 315)	1.0
TRUSTS(315, 58)	0.5358703111991687
TRUSTS(401, 132)	1.0
TRUSTS(395, 396)	1.0
TRUSTS(397, 322)	0.5413142966475052
TRUSTS(313, 162)	0.6242632704427162
TRUSTS(396, 367)	1.0
TRUSTS(197, 80)	0.36854816720019
TRUSTS(303, 541)	0.6134367804174443
TRUSTS(317, 21)	1.0
TRUSTS(313, 168)	0.5997043918464283
TRUSTS(516, 248)	1.0
TRUSTS(317, 26)	0.5460255520243108
TRUSTS(119, 220)	1.0
TRUSTS(431, 21)	0.6646167947181165
TRUSTS(420, 421)	1.0
TRUSTS(6, 51)	0.6161285545942049
TRUSTS(534, 15)	1.0
TRUSTS(6, 80)	0.5429933409428005
TRUSTS(189, 190)	0.36854816720019
TRUSTS(425, 253)	0.0
TRUSTS(431, 26)	0.6342935973228595
TRUSTS(290, 296)	0.9180677334378462
TRUSTS(290, 295)	0.9165015170956033
TRUSTS(520, 521)	0.36854816720019
TRUSTS(290, 297)	0.9244056029421635
TRUSTS(290, 293)	0.9223107475316947
TRUSTS(290, 294)	1.0
TRUSTS(290, 291)	1.0
TRUSTS(290, 292)	0.927938405288188
TRUSTS(528, 279)	0.0
TRUSTS(527, 312)	1.0
TRUSTS(6, 21)	0.6887696465863999
TRUSTS(122, 123)	1.0
TRUSTS(7, 8)	0.0
TRUSTS(521, 520)	0.36854816720019
TRUSTS(421, 322)	0.4999999980265744
TRUSTS(415, 545)	0.6052647153042887
TRUSTS(415, 547)	0.5295322677813236
TRUSTS(533, 6)	0.6879718825304129
TRUSTS(527, 220)	0.36931850531950045
TRUSTS(523, 369)	0.36854816720019
TRUSTS(292, 294)	1.0
TRUSTS(292, 293)	1.0
TRUSTS(292, 296)	0.933573684800204
TRUSTS(292, 295)	0.9288259468805496
TRUSTS(292, 297)	1.0
TRUSTS(415, 553)	0.396045888333365
TRUSTS(292, 290)	0.9279586987799723
TRUSTS(292, 291)	1.0
TRUSTS(414, 550)	1.0
TRUSTS(414, 547)	0.0
TRUSTS(423, 220)	0.4995254156642747
TRUSTS(414, 551)	0.5450486559049675
TRUSTS(533, 26)	0.0
TRUSTS(287, 460)	1.0
TRUSTS(117, 383)	1.0
TRUSTS(418, 415)	0.3691618175731005
TRUSTS(421, 310)	0.42061107092805144
TRUSTS(533, 21)	0.5141452494077821
TRUSTS(291, 293)	1.0
TRUSTS(291, 292)	0.9388058785761483
TRUSTS(291, 290)	1.0
TRUSTS(291, 297)	1.0
TRUSTS(291, 296)	1.0
TRUSTS(291, 295)	1.0
TRUSTS(291, 294)	1.0
TRUSTS(414, 559)	0.0
TRUSTS(424, 144)	0.4994893636299154
TRUSTS(185, 186)	1.0
TRUSTS(413, 550)	0.40428952248868527
TRUSTS(118, 119)	0.36854816720019
TRUSTS(280, 553)	0.3694260540395528
TRUSTS(176, 516)	0.5193882221173878
TRUSTS(413, 559)	0.36854855499891476
TRUSTS(413, 553)	0.48615711435253656
TRUSTS(414, 516)	1.0
TRUSTS(417, 418)	0.0
TRUSTS(426, 80)	0.4279983233949822
TRUSTS(527, 146)	1.0
TRUSTS(186, 168)	0.6147871427152088
TRUSTS(415, 497)	0.49999999896824077
TRUSTS(176, 550)	1.0
TRUSTS(279, 548)	0.5459638580302935
TRUSTS(286, 287)	0.36854816720019
TRUSTS(107, 545)	0.5774729366209785
TRUSTS(527, 168)	0.5471358327736532
TRUSTS(107, 539)	0.5144640352076688
TRUSTS(279, 552)	0.4901481255919909
TRUSTS(279, 553)	1.0
TRUSTS(414, 499)	0.0
TRUSTS(426, 6)	1.0
TRUSTS(423, 119)	1.0
TRUSTS(415, 414)	0.30051240882487484
TRUSTS(415, 418)	0.4760318321562064
TRUSTS(529, 26)	1.0
TRUSTS(414, 460)	0.5159296213887703
TRUSTS(114, 314)	0.0
TRUSTS(187, 188)	0.36854816720019
TRUSTS(515, 516)	1.0
TRUSTS(415, 426)	0.388624728066131
TRUSTS(516, 482)	1.0
TRUSTS(114, 322)	0.565762742441109
TRUSTS(184, 315)	0.5643110704885975
TRUSTS(288, 289)	1.0
TRUSTS(414, 415)	0.0
TRUSTS(413, 460)	1.0
TRUSTS(5, 6)	0.0
TRUSTS(120, 121)	0.36854816720019
TRUSTS(414, 431)	0.437946360987892
TRUSTS(114, 354)	0.568233765643343
TRUSTS(411, 552)	0.6098283621544519
TRUSTS(176, 410)	0.6249818511881036
TRUSTS(527, 526)	0.8481625247372131
TRUSTS(410, 550)	1.0
TRUSTS(415, 365)	0.622440550817807
TRUSTS(527, 525)	1.0
TRUSTS(541, 6)	0.0
TRUSTS(297, 296)	1.0
TRUSTS(297, 295)	0.9285893842228621
TRUSTS(297, 294)	0.9218587377414729
TRUSTS(410, 545)	1.0
TRUSTS(297, 293)	1.0
TRUSTS(297, 292)	1.0
TRUSTS(305, 26)	0.5048862160258468
TRUSTS(415, 354)	0.556051853835928
TRUSTS(6, 322)	0.5946484198214421
TRUSTS(305, 21)	0.36854855499891476
TRUSTS(14, 15)	1.0
TRUSTS(6, 312)	1.0
TRUSTS(414, 383)	0.8141248372766617
TRUSTS(6, 314)	0.4723186981621595
TRUSTS(540, 58)	0.6259247858470921
TRUSTS(6, 308)	0.45060551248130326
TRUSTS(540, 53)	1.0
TRUSTS(6, 303)	0.46458281510669336
TRUSTS(183, 184)	1.0
TRUSTS(541, 42)	0.5543164337468227
TRUSTS(541, 36)	0.7383659177530201
TRUSTS(409, 555)	1.0
TRUSTS(529, 482)	0.0
TRUSTS(539, 107)	0.42585532672619114
TRUSTS(296, 297)	1.0
TRUSTS(414, 366)	1.0
TRUSTS(415, 322)	0.6618041936858508
TRUSTS(533, 357)	0.26579459476292444
TRUSTS(297, 290)	0.924407694501628
TRUSTS(297, 291)	0.937520484646177
TRUSTS(415, 315)	0.5636973045497043
TRUSTS(414, 353)	0.571555386111166
TRUSTS(528, 529)	0.0
TRUSTS(116, 117)	0.0
TRUSTS(184, 183)	0.499999999998534
TRUSTS(415, 308)	0.5212517206745025
TRUSTS(107, 454)	1.0
TRUSTS(410, 482)	1.0
TRUSTS(8, 313)	0.013595161459215367
TRUSTS(16, 17)	1.0
TRUSTS(411, 442)	0.62180323394395
TRUSTS(16, 19)	1.0
TRUSTS(184, 168)	0.5194988232402225
TRUSTS(176, 451)	0.570223895353237
TRUSTS(184, 212)	0.5146307930769944
TRUSTS(6, 364)	0.41939210144560063
TRUSTS(298, 299)	1.0
TRUSTS(408, 533)	1.0
TRUSTS(526, 525)	1.0
TRUSTS(410, 451)	0.6591041375702852
TRUSTS(526, 527)	0.8481625247372131
TRUSTS(410, 454)	1.0
TRUSTS(539, 49)	0.36854816720019
TRUSTS(6, 353)	0.5908426610630674
TRUSTS(6, 351)	1.0
TRUSTS(540, 21)	1.0
TRUSTS(410, 434)	1.0
TRUSTS(529, 322)	0.1412050863459245
TRUSTS(294, 290)	1.0
TRUSTS(107, 265)	0.34065775782876406
TRUSTS(413, 314)	0.36854816720019
TRUSTS(6, 184)	0.521124638120406
TRUSTS(168, 559)	0.47587790347890313
TRUSTS(294, 297)	1.0
TRUSTS(294, 296)	0.9318354866933308
TRUSTS(294, 295)	1.0
TRUSTS(294, 293)	0.938811106029193
TRUSTS(294, 292)	1.0
TRUSTS(168, 553)	1.0
TRUSTS(294, 291)	1.0
TRUSTS(8, 107)	0.34603654252341104
TRUSTS(414, 265)	0.0
TRUSTS(416, 190)	0.36854816720019
TRUSTS(408, 484)	0.6383949721993494
TRUSTS(6, 168)	0.5954208873208967
TRUSTS(293, 292)	1.0
TRUSTS(293, 294)	0.9387522665512767
TRUSTS(415, 212)	0.5552842627573762
TRUSTS(293, 295)	1.0
TRUSTS(411, 354)	0.5337060383920854
TRUSTS(293, 290)	1.0
TRUSTS(105, 364)	1.0
TRUSTS(293, 291)	1.0
TRUSTS(293, 297)	1.0
TRUSTS(293, 296)	1.0
TRUSTS(112, 114)	1.0
TRUSTS(112, 113)	1.0
TRUSTS(184, 6)	1.0
TRUSTS(107, 313)	0.5807152762753401
TRUSTS(107, 312)	1.0
TRUSTS(525, 527)	1.0
TRUSTS(115, 15)	0.36854816720019
TRUSTS(525, 526)	1.0
TRUSTS(10, 11)	1.0
TRUSTS(415, 168)	0.5549680012799245
TRUSTS(410, 354)	0.627922584472533
TRUSTS(107, 315)	0.5198658464339202
TRUSTS(303, 6)	0.4238000963283619
TRUSTS(176, 338)	0.5467533521449255
TRUSTS(408, 434)	1.0
TRUSTS(414, 212)	0.5423886342878181
TRUSTS(410, 365)	0.6475085206059163
TRUSTS(303, 21)	0.6268918266287111
TRUSTS(522, 523)	1.0
TRUSTS(176, 322)	0.5823886015616131
TRUSTS(303, 26)	1.0
TRUSTS(183, 73)	0.3687483321305121
TRUSTS(296, 292)	1.0
TRUSTS(529, 279)	1.0
TRUSTS(296, 291)	1.0
TRUSTS(296, 290)	1.0
TRUSTS(296, 295)	0.9288194422825723
TRUSTS(296, 294)	0.9318619434201547
TRUSTS(419, 15)	0.36854816720019
TRUSTS(296, 293)	1.0
TRUSTS(527, 354)	0.5499773288394364
TRUSTS(184, 73)	0.36962803560130997
TRUSTS(107, 346)	0.592835059510922
TRUSTS(299, 132)	0.4291279421820471
TRUSTS(409, 369)	1.0
TRUSTS(176, 354)	0.5771305058078225
TRUSTS(107, 365)	0.5836134727715427
TRUSTS(107, 364)	1.0
TRUSTS(6, 212)	0.6210048454370692
TRUSTS(11, 26)	0.5183514629094909
TRUSTS(295, 291)	0.9339747156252243
TRUSTS(295, 290)	1.0
TRUSTS(295, 293)	1.0
TRUSTS(414, 162)	0.0
TRUSTS(295, 292)	1.0
TRUSTS(408, 383)	1.0
TRUSTS(295, 294)	0.9203562469761621
TRUSTS(295, 297)	1.0
TRUSTS(295, 296)	1.0
TRUSTS(533, 162)	0.5531120793644961
TRUSTS(414, 170)	0.28102416291447857
TRUSTS(181, 182)	0.36854816720019
TRUSTS(418, 21)	0.3686836724711137
TRUSTS(168, 527)	0.5170003962587446
TRUSTS(11, 414)	0.4091242294548228
TRUSTS(11, 415)	0.42572311926586176
TRUSTS(132, 338)	0.49982696286628486
TRUSTS(276, 353)	0.5679610876033575
TRUSTS(278, 279)	1.0
TRUSTS(377, 376)	0.36854816720019
TRUSTS(11, 410)	1.0
TRUSTS(278, 277)	0.5467548805972215
TRUSTS(11, 411)	0.0
TRUSTS(11, 413)	1.0
TRUSTS(21, 51)	0.7283354572696559
TRUSTS(132, 322)	0.6156307741747565
TRUSTS(482, 365)	1.0
TRUSTS(22, 26)	0.3692914504452597
TRUSTS(387, 21)	0.5500848308491351
TRUSTS(168, 539)	1.0
TRUSTS(21, 58)	1.0
TRUSTS(168, 552)	1.0
TRUSTS(168, 551)	1.0
TRUSTS(8, 545)	0.03910127990620005
TRUSTS(279, 277)	0.5078567239765414
TRUSTS(378, 379)	1.0
TRUSTS(278, 322)	0.5902508423213547
TRUSTS(279, 278)	0.5485273311212711
TRUSTS(279, 280)	0.3725832154503087
TRUSTS(21, 80)	0.6540040520063176
TRUSTS(482, 354)	0.6569795635552628
TRUSTS(22, 58)	0.36854855499891476
TRUSTS(177, 178)	0.36854816720019
TRUSTS(383, 204)	1.0
TRUSTS(131, 322)	0.49999779162601893
TRUSTS(132, 299)	0.499999999640159
TRUSTS(476, 557)	0.36854816720019
TRUSTS(23, 24)	1.0
TRUSTS(482, 338)	0.6362717911993726
TRUSTS(168, 516)	0.6083322337810566
TRUSTS(168, 460)	1.0
TRUSTS(6, 533)	0.6980946386082706
TRUSTS(132, 271)	0.5943594615895892
TRUSTS(278, 212)	0.590171064585015
TRUSTS(481, 482)	0.36854816720019
TRUSTS(383, 220)	0.8505851418942456
TRUSTS(176, 168)	0.5917871499804865
TRUSTS(170, 387)	0.36854816720019
TRUSTS(20, 21)	1.0
TRUSTS(20, 22)	0.36854816720019
TRUSTS(6, 541)	0.38017610654465817
TRUSTS(168, 471)	1.0
TRUSTS(6, 545)	1.0
TRUSTS(271, 482)	1.0
TRUSTS(166, 550)	0.36854816720019
TRUSTS(168, 478)	1.0
TRUSTS(493, 26)	0.5306224785214758
TRUSTS(168, 482)	1.0
TRUSTS(482, 431)	1.0
TRUSTS(170, 414)	0.2795606171684778
TRUSTS(21, 6)	0.6411750233503445
TRUSTS(277, 280)	0.36941727521334017
TRUSTS(383, 248)	1.0
TRUSTS(482, 410)	0.6498196904642657
TRUSTS(178, 58)	0.36854816720019
TRUSTS(168, 429)	0.36854816720019
TRUSTS(129, 354)	0.515872047998969
TRUSTS(276, 322)	0.5515693915508236
TRUSTS(493, 6)	1.0
TRUSTS(168, 431)	0.6348212720357497
TRUSTS(276, 325)	1.0
TRUSTS(135, 136)	1.0
TRUSTS(168, 434)	1.0
TRUSTS(130, 322)	0.5545372455465363
TRUSTS(175, 176)	0.0
TRUSTS(168, 442)	1.0
TRUSTS(21, 26)	0.6927654709130726
TRUSTS(168, 446)	1.0
TRUSTS(276, 307)	1.0
TRUSTS(168, 451)	0.6435430603901446
TRUSTS(168, 454)	1.0
TRUSTS(276, 313)	1.0
TRUSTS(277, 279)	1.0
TRUSTS(21, 36)	1.0
TRUSTS(277, 278)	1.0
TRUSTS(6, 482)	0.6063961874300909
TRUSTS(369, 553)	0.36854816720019
TRUSTS(476, 479)	1.0
TRUSTS(132, 210)	0.5177475425487105
TRUSTS(476, 475)	1.0
TRUSTS(6, 493)	0.3828841975610157
TRUSTS(168, 415)	1.0
TRUSTS(374, 375)	0.36854816720019
TRUSTS(168, 411)	1.0
TRUSTS(168, 410)	0.7297214322150742
TRUSTS(168, 367)	1.0
TRUSTS(482, 218)	0.5869870798567883
TRUSTS(475, 476)	1.0
TRUSTS(476, 433)	1.0
TRUSTS(170, 315)	0.5524181931849829
TRUSTS(268, 545)	0.6870544539874295
TRUSTS(133, 134)	1.0
TRUSTS(482, 212)	0.652086148971383
TRUSTS(132, 168)	0.5545314341084299
TRUSTS(168, 387)	1.0
TRUSTS(383, 80)	1.0
TRUSTS(166, 451)	1.0
TRUSTS(275, 276)	0.36854816720019
TRUSTS(166, 454)	0.559497698335047
TRUSTS(482, 322)	0.6552427102275679
TRUSTS(278, 94)	0.36854816720019
TRUSTS(162, 559)	0.6286320597556809
TRUSTS(371, 545)	0.5158521254639695
TRUSTS(271, 354)	0.5382051108591566
TRUSTS(132, 142)	0.5070831789567273
TRUSTS(162, 553)	0.4684274162097024
TRUSTS(162, 557)	1.0
TRUSTS(273, 274)	1.0
TRUSTS(476, 538)	1.0
TRUSTS(276, 162)	1.0
TRUSTS(482, 315)	0.5988607719747058
TRUSTS(268, 451)	0.6753211227397371
TRUSTS(383, 117)	0.36854816720019
TRUSTS(6, 434)	0.4358158707078046
TRUSTS(168, 351)	0.46195819318496684
TRUSTS(132, 130)	0.4999999987270239
TRUSTS(6, 426)	0.5503203793775645
TRUSTS(6, 446)	0.48285113913396893
TRUSTS(168, 308)	1.0
TRUSTS(274, 273)	1.0
TRUSTS(168, 310)	1.0
TRUSTS(271, 387)	1.0
TRUSTS(168, 312)	1.0
TRUSTS(477, 478)	0.0
TRUSTS(162, 533)	0.0
TRUSTS(8, 364)	0.2919330112292148
TRUSTS(376, 377)	0.36854816720019
TRUSTS(8, 365)	0.019986224223765746
TRUSTS(482, 271)	0.622083901403004
TRUSTS(162, 543)	0.39880131909391553
TRUSTS(168, 322)	1.0
TRUSTS(162, 545)	1.0
TRUSTS(162, 548)	0.5022292278217961
TRUSTS(484, 204)	1.0
TRUSTS(168, 313)	1.0
TRUSTS(268, 469)	0.5466374794608163
TRUSTS(482, 264)	0.349498462482424
TRUSTS(168, 314)	1.0
TRUSTS(168, 315)	1.0
TRUSTS(6, 451)	0.5711803826812982
TRUSTS(268, 471)	0.7100071341573417
TRUSTS(131, 130)	0.5073700776055874
TRUSTS(268, 473)	0.6380530543670366
TRUSTS(21, 317)	0.49999999972155956
TRUSTS(21, 315)	0.6189695155953235
TRUSTS(26, 129)	0.5165717420238721
TRUSTS(371, 354)	0.522884933398285
TRUSTS(21, 313)	1.0
TRUSTS(162, 516)	0.544841157662427
TRUSTS(366, 553)	0.44705002984135084
TRUSTS(367, 516)	0.5006727436901424
TRUSTS(371, 365)	0.5080464839114799
TRUSTS(285, 276)	1.0
TRUSTS(21, 303)	0.6403230088159524
TRUSTS(168, 271)	1.0
TRUSTS(168, 268)	1.0
TRUSTS(21, 310)	0.5554449355523362
TRUSTS(369, 424)	0.36854816720019
TRUSTS(21, 305)	1.0
TRUSTS(22, 268)	0.36973029878338426
TRUSTS(367, 541)	0.6215707201597003
TRUSTS(367, 537)	0.5451287645216113
TRUSTS(26, 162)	0.0
TRUSTS(166, 338)	1.0
TRUSTS(367, 549)	0.6164674451420955
TRUSTS(162, 482)	0.616743919770623
TRUSTS(26, 168)	0.6241306170017152
TRUSTS(26, 170)	0.23963131625928422
TRUSTS(21, 354)	0.6780534985214899
TRUSTS(279, 528)	0.034956587684598875
TRUSTS(170, 162)	1.0
TRUSTS(279, 529)	0.5953058239072472
TRUSTS(162, 455)	0.4999997973013742
TRUSTS(166, 307)	0.793027626491015
TRUSTS(130, 131)	1.0
TRUSTS(377, 162)	1.0
TRUSTS(166, 322)	0.6964068597963083
TRUSTS(26, 156)	1.0
TRUSTS(130, 132)	1.0
TRUSTS(367, 533)	1.0
TRUSTS(170, 169)	0.36854816720019
TRUSTS(21, 338)	0.6363499510465513
TRUSTS(484, 533)	0.5563970915555455
TRUSTS(168, 220)	0.7422212446034997
TRUSTS(21, 248)	1.0
TRUSTS(500, 15)	1.0
TRUSTS(21, 252)	0.36854855499891476
TRUSTS(162, 451)	1.0
TRUSTS(162, 453)	0.4999999999999822
TRUSTS(24, 123)	0.36854816720019
TRUSTS(283, 284)	0.0
TRUSTS(168, 204)	1.0
TRUSTS(169, 170)	1.0
TRUSTS(26, 51)	0.49933807414868103
TRUSTS(26, 57)	0.38249112423292225
TRUSTS(372, 373)	1.0
TRUSTS(278, 476)	0.552283078290594
TRUSTS(26, 58)	0.6512067951909808
TRUSTS(132, 21)	0.637905306198984
TRUSTS(162, 410)	0.655231506581746
TRUSTS(168, 186)	0.6707027527428802
TRUSTS(162, 414)	0.3709962619288403
TRUSTS(162, 413)	0.45015346161137615
TRUSTS(383, 21)	1.0
TRUSTS(128, 129)	0.36854816720019
TRUSTS(21, 265)	1.0
TRUSTS(26, 80)	0.0
TRUSTS(162, 392)	1.0
TRUSTS(21, 268)	0.8066884829601548
TRUSTS(168, 176)	0.6743341595979232
TRUSTS(168, 184)	1.0
TRUSTS(26, 94)	0.5571364617848668
TRUSTS(364, 497)	0.5259040464137664
TRUSTS(168, 167)	1.0
TRUSTS(26, 11)	0.5022961880934194
TRUSTS(495, 15)	1.0
TRUSTS(168, 162)	0.5780747245793795
TRUSTS(367, 383)	0.8063559112616332
TRUSTS(119, 423)	0.49947984718390753
TRUSTS(281, 282)	1.0
TRUSTS(365, 454)	1.0
TRUSTS(168, 160)	0.36854816720019
TRUSTS(279, 353)	0.36854816720019
TRUSTS(366, 414)	0.5589084182430256
TRUSTS(482, 516)	0.5953611075728642
TRUSTS(367, 366)	0.6740751659675002
TRUSTS(371, 218)	0.5020613226464529
TRUSTS(168, 142)	1.0
TRUSTS(367, 363)	0.5586465146955476
TRUSTS(25, 26)	0.36854816720019
TRUSTS(162, 366)	0.0
TRUSTS(162, 365)	0.5954565298803557
TRUSTS(166, 212)	0.6939837109093732
TRUSTS(21, 168)	0.6670962999607682
TRUSTS(162, 357)	0.36047570430780285
TRUSTS(129, 26)	1.0
TRUSTS(167, 168)	1.0
TRUSTS(162, 354)	0.5342821784341103
TRUSTS(168, 132)	1.0
TRUSTS(26, 40)	0.24111029380405552
TRUSTS(162, 351)	0.4262240044365464
TRUSTS(21, 220)	1.0
TRUSTS(26, 36)	0.629378655365516
TRUSTS(484, 383)	0.7376086908440636
TRUSTS(365, 482)	0.6474350719833415
TRUSTS(367, 408)	0.5988090218359414
TRUSTS(168, 121)	0.36854816720019
TRUSTS(368, 369)	0.36854816720019
TRUSTS(21, 212)	0.6899156648644228
TRUSTS(369, 329)	1.0
TRUSTS(484, 408)	0.5788006701325962
TRUSTS(156, 555)	0.575859720543302
TRUSTS(21, 204)	1.0
TRUSTS(26, 22)	0.3728586083729565
TRUSTS(26, 21)	0.653716431757448
TRUSTS(168, 107)	0.6365206918642953
TRUSTS(367, 392)	0.5555165125648186
TRUSTS(156, 550)	0.41419360670858046
TRUSTS(170, 26)	0.31894793629136264
TRUSTS(367, 451)	0.6255134099345341
TRUSTS(21, 132)	0.6609576119672714
TRUSTS(162, 313)	0.6184970311210051
TRUSTS(162, 315)	0.5909647427768491
TRUSTS(364, 541)	0.5956068419851515
TRUSTS(280, 277)	0.37255851400159995
TRUSTS(364, 545)	0.5621134929394046
TRUSTS(280, 279)	0.3694647781278988
TRUSTS(497, 26)	1.0
TRUSTS(365, 497)	0.5764003824218894
TRUSTS(482, 529)	0.4208272404141832
TRUSTS(21, 162)	1.0
TRUSTS(365, 552)	1.0
TRUSTS(156, 516)	1.0
TRUSTS(370, 371)	0.36854816720019
TRUSTS(369, 409)	0.36854816720019
TRUSTS(483, 484)	1.0
TRUSTS(367, 473)	0.5777571178574592
TRUSTS(168, 57)	0.667451768927742
TRUSTS(168, 58)	1.0
TRUSTS(21, 156)	1.0
TRUSTS(21, 144)	1.0
TRUSTS(482, 550)	1.0
TRUSTS(165, 166)	0.36854816720019
TRUSTS(162, 276)	0.5492018835923824
TRUSTS(365, 540)	0.6008455878213426
TRUSTS(162, 264)	1.0
TRUSTS(276, 451)	1.0
TRUSTS(26, 401)	0.18951434260728395
TRUSTS(142, 446)	0.0
TRUSTS(163, 164)	1.0
TRUSTS(268, 168)	0.7428821575043958
TRUSTS(271, 57)	0.556153383739622
TRUSTS(392, 366)	1.0
TRUSTS(392, 367)	0.5780484734677197
TRUSTS(492, 493)	0.36854816720019
TRUSTS(26, 410)	0.5359250619266132
TRUSTS(492, 494)	0.36854816720019
TRUSTS(156, 431)	1.0
TRUSTS(26, 413)	0.5217850993437738
TRUSTS(497, 312)	1.0
TRUSTS(496, 322)	0.4925608666729292
TRUSTS(144, 354)	0.5566872726615045
TRUSTS(493, 434)	1.0
TRUSTS(268, 156)	1.0
TRUSTS(264, 303)	1.0
TRUSTS(264, 308)	1.0
TRUSTS(168, 6)	0.5769255229721191
TRUSTS(36, 58)	0.6826701278989513
TRUSTS(21, 552)	1.0
TRUSTS(26, 367)	0.584211943720757
TRUSTS(271, 24)	0.0
TRUSTS(35, 36)	0.0
TRUSTS(21, 555)	0.6128552407581871
TRUSTS(271, 26)	0.5896153135575506
TRUSTS(21, 559)	1.0
TRUSTS(151, 152)	1.0
TRUSTS(168, 21)	1.0
TRUSTS(32, 162)	0.0
TRUSTS(264, 268)	1.0
TRUSTS(168, 26)	1.0
TRUSTS(497, 322)	0.6114454446165054
TRUSTS(26, 392)	0.4533851120446311
TRUSTS(168, 36)	1.0
TRUSTS(36, 21)	0.7147282719251009
TRUSTS(391, 392)	1.0
TRUSTS(392, 354)	0.5602126188023849
TRUSTS(497, 324)	0.5968721201366133
TRUSTS(36, 26)	1.0
TRUSTS(264, 279)	0.36854816720019
TRUSTS(401, 26)	0.36854855499891476
TRUSTS(393, 394)	1.0
TRUSTS(24, 414)	1.0
TRUSTS(162, 142)	0.5081942198683499
TRUSTS(156, 357)	0.5723078427117122
TRUSTS(497, 364)	1.0
TRUSTS(26, 338)	0.5282536795863809
TRUSTS(497, 365)	1.0
TRUSTS(264, 262)	0.49574027665269443
TRUSTS(21, 533)	0.4826735486288764
TRUSTS(156, 366)	1.0
TRUSTS(162, 156)	0.3982182791542789
TRUSTS(26, 357)	0.46133120109925135
TRUSTS(146, 220)	0.3687256541026819
TRUSTS(21, 540)	0.6580876404471118
TRUSTS(26, 354)	0.5836601399419395
TRUSTS(26, 366)	0.5748638500143717
TRUSTS(26, 365)	0.5260600409584668
TRUSTS(21, 547)	0.4409031784098305
TRUSTS(21, 545)	1.0
TRUSTS(26, 308)	0.6182953369631857
TRUSTS(26, 303)	0.5220451034074369
TRUSTS(162, 170)	0.5754123588680119
TRUSTS(264, 220)	1.0
TRUSTS(26, 305)	0.5201720283930723
TRUSTS(162, 168)	0.5555266482207141
TRUSTS(26, 317)	0.5049648562237137
TRUSTS(268, 80)	0.512424903541708
TRUSTS(264, 204)	0.6585423022439544
TRUSTS(497, 383)	1.0
TRUSTS(494, 492)	0.36854816720019
TRUSTS(21, 516)	0.6490454247009172
TRUSTS(162, 80)	0.0
TRUSTS(262, 268)	0.49665918366454526
TRUSTS(24, 354)	0.34596850082272096
TRUSTS(21, 471)	0.6981916405578603
TRUSTS(26, 271)	0.5712954777964184
TRUSTS(142, 322)	0.0
TRUSTS(262, 264)	1.0
TRUSTS(262, 266)	1.0
TRUSTS(21, 460)	0.6660680939204027
TRUSTS(262, 265)	0.36854816720019
TRUSTS(21, 482)	0.7323005393026223
TRUSTS(262, 253)	0.42608226003666805
TRUSTS(21, 484)	1.0
TRUSTS(268, 36)	0.828630237365597
TRUSTS(390, 338)	0.36854816720019
TRUSTS(268, 21)	1.0
TRUSTS(268, 22)	0.3696438720362534
TRUSTS(33, 34)	1.0
TRUSTS(268, 26)	1.0
TRUSTS(160, 168)	1.0
TRUSTS(24, 322)	0.5124160899153933
TRUSTS(26, 248)	0.546443646277481
TRUSTS(264, 162)	0.5429596791141936
TRUSTS(21, 434)	1.0
TRUSTS(26, 252)	0.5042682184255955
TRUSTS(162, 105)	0.4999971284545847
TRUSTS(32, 19)	1.0
TRUSTS(383, 541)	1.0
TRUSTS(21, 431)	0.7236010669425941
TRUSTS(497, 198)	1.0
TRUSTS(21, 451)	0.6382009248494599
TRUSTS(26, 268)	1.0
TRUSTS(383, 553)	0.14550526807956837
TRUSTS(147, 148)	0.0
TRUSTS(161, 162)	1.0
TRUSTS(265, 107)	0.3183790014757828
TRUSTS(489, 491)	0.36854816720019
TRUSTS(142, 265)	0.0
TRUSTS(162, 21)	0.6309190388857828
TRUSTS(31, 32)	1.0
TRUSTS(145, 146)	1.0
TRUSTS(26, 212)	0.5980136966575992
TRUSTS(21, 392)	1.0
TRUSTS(265, 80)	0.33065335852801636
TRUSTS(21, 418)	0.371842080840705
TRUSTS(260, 261)	0.36854816720019
TRUSTS(21, 415)	1.0
TRUSTS(21, 410)	1.0
TRUSTS(162, 26)	0.4663437545738348
TRUSTS(162, 51)	0.6072848732085577
TRUSTS(159, 160)	0.36854816720019
TRUSTS(162, 49)	0.6507134519756267
TRUSTS(21, 365)	1.0
TRUSTS(156, 268)	1.0
TRUSTS(21, 364)	1.0
TRUSTS(21, 367)	1.0
TRUSTS(21, 366)	0.660602393517933
TRUSTS(26, 206)	0.0
TRUSTS(26, 200)	0.500347228453181
TRUSTS(21, 387)	0.5356391000269357
TRUSTS(264, 80)	0.0
TRUSTS(24, 271)	0.5366710362369016
TRUSTS(21, 383)	1.0
TRUSTS(162, 57)	0.49996413267429335
TRUSTS(42, 80)	0.0
TRUSTS(132, 545)	0.5171584503559626
TRUSTS(143, 144)	0.36854816720019
TRUSTS(497, 555)	0.45321841184014783
TRUSTS(271, 312)	0.6374614116566235
TRUSTS(512, 15)	0.36854816720019
TRUSTS(271, 322)	0.6333372679443965
TRUSTS(265, 545)	0.5175508143434586
TRUSTS(268, 434)	1.0
TRUSTS(383, 434)	0.7826018824918884
TRUSTS(383, 408)	0.626774128632471
TRUSTS(264, 541)	1.0
TRUSTS(383, 414)	0.8266659146620654
TRUSTS(36, 264)	1.0
TRUSTS(264, 549)	1.0
TRUSTS(36, 268)	0.7635872330221289
TRUSTS(264, 550)	0.0
TRUSTS(387, 271)	0.5564829869813397
TRUSTS(132, 482)	0.6013412430382628
TRUSTS(270, 271)	0.0
TRUSTS(155, 156)	1.0
TRUSTS(383, 533)	0.43076818902682656
TRUSTS(268, 354)	0.6612883588615944
TRUSTS(41, 42)	0.36854816720019
TRUSTS(40, 80)	0.8272508559807141
TRUSTS(268, 367)	1.0
TRUSTS(142, 132)	0.43327946028419545
TRUSTS(132, 516)	0.5420185814367512
TRUSTS(268, 313)	0.6124775206150611
TRUSTS(268, 315)	0.5643156064918031
TRUSTS(36, 206)	0.3708712063697047
TRUSTS(36, 220)	0.675361619739309
TRUSTS(156, 162)	1.0
TRUSTS(268, 322)	0.6988180628863649
TRUSTS(386, 387)	0.36854816720019
TRUSTS(501, 502)	1.0
TRUSTS(392, 162)	1.0
TRUSTS(146, 527)	0.4999999999908947
TRUSTS(383, 497)	0.578189393827803
TRUSTS(136, 369)	0.36854816720019
TRUSTS(142, 162)	0.4134010855413094
TRUSTS(383, 484)	1.0
TRUSTS(142, 168)	0.2745451056644124
TRUSTS(264, 482)	1.0
TRUSTS(264, 434)	1.0
TRUSTS(271, 168)	0.6389279342762653
TRUSTS(40, 26)	0.3886301206313373
TRUSTS(497, 415)	0.4570085644375376
TRUSTS(26, 545)	0.4887422335380404
TRUSTS(264, 431)	1.0
TRUSTS(26, 550)	0.0
TRUSTS(156, 58)	0.6156715565027719
TRUSTS(265, 414)	0.2721565805245034
TRUSTS(36, 168)	0.6716034390943288
TRUSTS(387, 170)	1.0
TRUSTS(383, 322)	0.6360367990550756
TRUSTS(26, 529)	0.4780688839015785
TRUSTS(499, 354)	1.0
TRUSTS(153, 154)	1.0
TRUSTS(387, 168)	0.517476736640317
TRUSTS(497, 434)	1.0
TRUSTS(26, 533)	0.43981337313153146
TRUSTS(39, 40)	0.36854816720019
TRUSTS(268, 253)	0.5306247796796456
TRUSTS(509, 15)	0.36854816720019
TRUSTS(268, 248)	0.7302563278761877
TRUSTS(132, 451)	0.6050546288588652
TRUSTS(26, 516)	0.5264824813931233
TRUSTS(269, 237)	1.0
TRUSTS(141, 142)	0.0
TRUSTS(268, 262)	0.5003582680809602
TRUSTS(26, 497)	0.5359815031763346
TRUSTS(496, 497)	0.36854855499891476
TRUSTS(268, 264)	0.6380181132234416
TRUSTS(144, 21)	0.5089012306705064
TRUSTS(26, 493)	0.5332001057119808
TRUSTS(132, 357)	0.4999999999504298
TRUSTS(264, 367)	0.7143390438615554
TRUSTS(132, 354)	0.5257890799201395
TRUSTS(264, 364)	1.0
TRUSTS(26, 482)	0.4322798705397842
TRUSTS(142, 8)	0.36854816720019
TRUSTS(271, 132)	1.0
TRUSTS(26, 471)	0.6754463419796869
TRUSTS(26, 473)	0.6312363323621222
TRUSTS(24, 547)	0.5037367829297792
TRUSTS(144, 424)	1.0
TRUSTS(26, 469)	0.5466374794608164
TRUSTS(497, 496)	0.49256592584246406
TRUSTS(132, 366)	0.5559899569542993
TRUSTS(132, 365)	0.607892505979374
TRUSTS(383, 371)	0.36854816720019
TRUSTS(26, 460)	0.5924516644083704
TRUSTS(144, 473)	0.49947984718390753
TRUSTS(383, 366)	0.7121426459563952
TRUSTS(383, 367)	1.0
TRUSTS(26, 453)	0.18443056347985776
TRUSTS(156, 26)	1.0
TRUSTS(26, 451)	0.5061162941232092
TRUSTS(26, 452)	0.3339935603567292
TRUSTS(26, 449)	0.40377085433602755
TRUSTS(156, 21)	1.0
TRUSTS(36, 80)	0.669123559849157
TRUSTS(392, 26)	0.518093334077022
TRUSTS(387, 212)	0.4999999999738839
TRUSTS(26, 446)	0.5489196367887607
TRUSTS(37, 38)	0.36854816720019
TRUSTS(392, 21)	0.5791478349357492
TRUSTS(498, 499)	0.36854816720019
TRUSTS(268, 212)	0.6754231629713788
TRUSTS(264, 354)	0.6662869195709274
TRUSTS(265, 313)	0.5048062410283126
TRUSTS(265, 312)	0.3423221536872679
TRUSTS(382, 383)	1.0
TRUSTS(26, 434)	0.6884188741858248
TRUSTS(26, 431)	1.0
TRUSTS(144, 451)	1.0
TRUSTS(40, 459)	0.5073834405449268
TRUSTS(40, 460)	0.5572756792612198
TRUSTS(558, 559)	1.0
TRUSTS(354, 346)	1.0
TRUSTS(253, 262)	0.42570828118754317
TRUSTS(354, 353)	1.0
TRUSTS(354, 352)	1.0
TRUSTS(354, 351)	0.5017159491569586
TRUSTS(253, 268)	1.0
TRUSTS(51, 21)	1.0
TRUSTS(469, 26)	0.5258490025284692
TRUSTS(354, 364)	1.0
TRUSTS(354, 365)	1.0
TRUSTS(354, 366)	1.0
TRUSTS(354, 367)	1.0
TRUSTS(51, 26)	0.53081125347177
TRUSTS(253, 251)	1.0
TRUSTS(354, 371)	0.5849740224282202
TRUSTS(42, 364)	0.5874107693618671
TRUSTS(364, 6)	0.0
TRUSTS(364, 8)	0.0
TRUSTS(42, 367)	1.0
TRUSTS(353, 414)	0.5790364255230852
TRUSTS(457, 458)	1.0
TRUSTS(460, 354)	0.4503928309246324
TRUSTS(354, 393)	1.0
TRUSTS(364, 21)	0.6058765295435211
TRUSTS(354, 392)	0.5924567779427168
TRUSTS(364, 36)	0.7195395849427524
TRUSTS(364, 42)	0.5637768428509499
TRUSTS(557, 548)	0.5666101015045913
TRUSTS(354, 411)	1.0
TRUSTS(354, 410)	1.0
TRUSTS(53, 58)	0.5280243029516282
TRUSTS(248, 516)	0.5714366060600926
TRUSTS(365, 8)	0.0
TRUSTS(557, 552)	1.0
TRUSTS(354, 415)	1.0
TRUSTS(49, 162)	0.7665575624578128
TRUSTS(365, 21)	0.6588492743266382
TRUSTS(454, 516)	0.5656054974690107
TRUSTS(556, 548)	0.5845785109918953
TRUSTS(356, 357)	1.0
TRUSTS(52, 53)	1.0
TRUSTS(365, 26)	1.0
TRUSTS(51, 105)	0.5757723074681181
TRUSTS(556, 553)	1.0
TRUSTS(559, 442)	0.4852530178079417
TRUSTS(354, 446)	0.4297626114525239
TRUSTS(556, 555)	0.6454242073792058
TRUSTS(42, 434)	1.0
TRUSTS(248, 473)	0.5709226760135312
TRUSTS(354, 442)	0.617685932743915
TRUSTS(354, 451)	1.0
TRUSTS(49, 184)	1.0
TRUSTS(354, 465)	1.0
TRUSTS(366, 21)	0.6518926876694924
TRUSTS(252, 446)	1.0
TRUSTS(366, 26)	0.5862112800295518
TRUSTS(471, 58)	1.0
TRUSTS(460, 459)	0.46616331624431234
TRUSTS(354, 460)	1.0
TRUSTS(354, 482)	0.6928157015256545
TRUSTS(42, 541)	0.5459726329342763
TRUSTS(253, 387)	0.36854816720019
TRUSTS(357, 366)	0.5457892092841079
TRUSTS(364, 107)	0.5405593929443571
TRUSTS(364, 105)	0.5059650757335092
TRUSTS(354, 499)	1.0
TRUSTS(461, 463)	1.0
TRUSTS(367, 21)	0.6968414257681647
TRUSTS(40, 555)	0.5180354942843456
TRUSTS(256, 257)	1.0
TRUSTS(353, 550)	1.0
TRUSTS(365, 107)	0.6364407205069237
TRUSTS(248, 549)	1.0
TRUSTS(367, 36)	1.0
TRUSTS(253, 353)	1.0
TRUSTS(51, 162)	1.0
TRUSTS(358, 357)	1.0
TRUSTS(367, 26)	1.0
TRUSTS(354, 527)	1.0
TRUSTS(366, 80)	0.683073809236515
TRUSTS(57, 26)	1.0
TRUSTS(367, 42)	0.47712696011898836
TRUSTS(56, 58)	0.36854816720019
TRUSTS(357, 411)	1.0
TRUSTS(56, 57)	0.36854816720019
TRUSTS(264, 58)	0.6791267973656839
TRUSTS(265, 21)	0.1306684207960024
TRUSTS(264, 53)	0.5196770329660167
TRUSTS(359, 357)	1.0
TRUSTS(365, 132)	0.6177297839748921
TRUSTS(354, 540)	1.0
TRUSTS(264, 42)	1.0
TRUSTS(471, 26)	1.0
TRUSTS(354, 559)	0.505945520271304
TRUSTS(264, 36)	1.0
TRUSTS(367, 80)	1.0
TRUSTS(471, 21)	0.7612621663922825
TRUSTS(357, 446)	1.0
TRUSTS(354, 552)	0.6725134516818907
TRUSTS(459, 460)	1.0
TRUSTS(253, 434)	0.6706001029982466
TRUSTS(354, 553)	0.3975342339562282
TRUSTS(360, 357)	1.0
TRUSTS(49, 313)	1.0
TRUSTS(364, 212)	0.5433987587310661
TRUSTS(460, 413)	0.5394599958619578
TRUSTS(460, 414)	1.0
TRUSTS(253, 425)	1.0
TRUSTS(366, 132)	0.538427396756478
TRUSTS(469, 82)	0.36854816720019
TRUSTS(365, 162)	1.0
TRUSTS(366, 156)	0.5349943763787146
TRUSTS(36, 367)	1.0
TRUSTS(36, 371)	1.0
TRUSTS(366, 162)	0.48284028093320686
TRUSTS(253, 19)	1.0
TRUSTS(36, 354)	0.6337360690920391
TRUSTS(451, 410)	0.6189857792700392
TRUSTS(253, 24)	1.0
TRUSTS(36, 357)	0.5691906017717838
TRUSTS(247, 248)	1.0
TRUSTS(450, 451)	0.36854816720019
TRUSTS(36, 364)	1.0
TRUSTS(454, 310)	1.0
TRUSTS(364, 264)	1.0
TRUSTS(357, 533)	0.38526870193697293
TRUSTS(246, 245)	0.5485599765337258
TRUSTS(252, 21)	0.4999999999789435
TRUSTS(246, 244)	0.5081607804180683
TRUSTS(365, 212)	0.6458506904570719
TRUSTS(252, 26)	0.5133945150435143
TRUSTS(365, 218)	0.5171220861918282
TRUSTS(357, 556)	0.5176422996541795
TRUSTS(36, 434)	1.0
TRUSTS(454, 212)	0.5909657125166564
TRUSTS(357, 553)	1.0
TRUSTS(371, 36)	0.5122834400679055
TRUSTS(449, 411)	0.36854816720019
TRUSTS(459, 40)	0.42679795767593115
TRUSTS(364, 303)	0.5893414028639359
TRUSTS(452, 307)	1.0
TRUSTS(448, 449)	0.36854816720019
TRUSTS(367, 168)	0.6947516540470468
TRUSTS(248, 268)	0.6847882328111067
TRUSTS(246, 354)	0.5432456050865642
TRUSTS(446, 533)	0.31835564430478913
TRUSTS(455, 212)	0.5522642938422597
TRUSTS(367, 220)	0.7619319935631002
TRUSTS(460, 26)	1.0
TRUSTS(363, 367)	1.0
TRUSTS(363, 366)	1.0
TRUSTS(248, 220)	1.0
TRUSTS(363, 365)	0.36854855499891476
TRUSTS(363, 364)	0.36854855499891476
TRUSTS(451, 354)	0.6253700889339564
TRUSTS(460, 21)	0.6404952390124977
TRUSTS(36, 410)	0.6795752664267428
TRUSTS(446, 553)	0.5357917833144823
TRUSTS(451, 367)	0.673733194678378
TRUSTS(446, 550)	0.34501152272386926
TRUSTS(451, 364)	1.0
TRUSTS(364, 315)	0.5592186672796402
TRUSTS(367, 204)	0.7965096764286063
TRUSTS(460, 40)	0.5247033484451055
TRUSTS(367, 198)	0.5599578049351802
TRUSTS(246, 322)	0.5088939639933238
TRUSTS(253, 58)	1.0
TRUSTS(246, 315)	0.0
TRUSTS(364, 365)	0.6479223109802488
TRUSTS(248, 322)	0.6679639384632443
TRUSTS(40, 353)	0.537805003761949
TRUSTS(453, 452)	0.4045994322720029
TRUSTS(48, 49)	0.0
TRUSTS(365, 322)	0.6370899133402231
TRUSTS(367, 248)	0.7265956493944734
TRUSTS(364, 363)	0.4070991244479855
TRUSTS(454, 410)	0.7100485917744261
TRUSTS(451, 539)	0.5152429299754687
TRUSTS(365, 312)	0.6478369538696015
TRUSTS(42, 264)	0.5726254450659682
TRUSTS(451, 543)	0.22712304551697834
TRUSTS(364, 354)	0.5726486269805902
TRUSTS(451, 545)	0.6518289240992116
TRUSTS(460, 212)	0.5222938832901496
TRUSTS(451, 533)	1.0
TRUSTS(40, 322)	0.5999192372778509
TRUSTS(365, 363)	0.46038245698163455
TRUSTS(252, 148)	1.0
TRUSTS(365, 364)	0.6618169956424574
TRUSTS(365, 354)	0.6097418270901117
TRUSTS(40, 315)	0.5454424581492046
TRUSTS(366, 322)	0.6238456894055383
TRUSTS(365, 351)	0.42362100876724235
TRUSTS(245, 410)	1.0
TRUSTS(367, 264)	0.7353659225082269
TRUSTS(366, 299)	0.5113339859075945
TRUSTS(36, 449)	0.37184207471980857
TRUSTS(367, 268)	0.6836221702687925
TRUSTS(367, 322)	0.6844501014918987
TRUSTS(364, 434)	0.6860948204046801
TRUSTS(50, 51)	0.36854816720019
TRUSTS(455, 311)	1.0
TRUSTS(366, 357)	0.5450349431886913
TRUSTS(455, 313)	1.0
TRUSTS(51, 6)	1.0
TRUSTS(248, 383)	0.7504736801217289
TRUSTS(454, 346)	0.555407323161899
TRUSTS(40, 414)	1.0
TRUSTS(366, 354)	0.5955808780323163
TRUSTS(248, 408)	0.6042293963643915
TRUSTS(367, 303)	0.6434080503854909
TRUSTS(454, 365)	1.0
TRUSTS(367, 299)	0.5551107501802347
TRUSTS(455, 322)	0.6171837892159512
TRUSTS(36, 545)	0.6657598021186697
TRUSTS(365, 371)	1.0
TRUSTS(36, 541)	0.6695700899794966
TRUSTS(367, 354)	0.6456507383525208
TRUSTS(366, 392)	0.44159337977185975
TRUSTS(452, 455)	1.0
TRUSTS(452, 453)	0.381431653131516
TRUSTS(452, 454)	1.0
TRUSTS(248, 354)	0.6095211348063446
TRUSTS(366, 383)	0.712988130416044
TRUSTS(452, 446)	0.37211433415636175
TRUSTS(365, 415)	0.636027185210838
TRUSTS(364, 451)	0.5278837937477472
TRUSTS(365, 410)	1.0
TRUSTS(248, 367)	0.7696603278884688
TRUSTS(251, 255)	0.36854816720019
TRUSTS(251, 254)	1.0
TRUSTS(366, 367)	1.0
TRUSTS(460, 168)	0.5659950092962973
TRUSTS(251, 253)	1.0
TRUSTS(251, 252)	1.0
TRUSTS(366, 363)	0.5605899225892401
TRUSTS(471, 468)	0.594805430091166
TRUSTS(471, 469)	1.0
TRUSTS(476, 278)	1.0
TRUSTS(482, 58)	1.0
TRUSTS(57, 322)	0.6699171617292192
TRUSTS(51, 545)	0.6483105792098744
TRUSTS(471, 473)	0.7074635925409309
TRUSTS(51, 550)	1.0
TRUSTS(476, 274)	1.0
TRUSTS(470, 473)	0.5559927212613435
TRUSTS(471, 434)	1.0
TRUSTS(470, 469)	1.0
TRUSTS(482, 26)	1.0
TRUSTS(470, 468)	1.0
TRUSTS(58, 315)	0.5251574941547226
TRUSTS(57, 353)	0.5524358303070765
TRUSTS(246, 32)	1.0
TRUSTS(473, 367)	0.6403651579526509
TRUSTS(482, 21)	0.7320160426098636
TRUSTS(246, 57)	0.5310960993864269
TRUSTS(246, 64)	0.0
TRUSTS(482, 6)	0.610405456220893
TRUSTS(58, 354)	0.5979285372965664
TRUSTS(58, 351)	0.4959837325902789
TRUSTS(53, 540)	0.5527694343739349
TRUSTS(469, 468)	0.6510416621664751
TRUSTS(469, 471)	0.5481262896064734
TRUSTS(476, 212)	0.5503959945818333
TRUSTS(469, 470)	1.0
TRUSTS(348, 107)	1.0
TRUSTS(338, 482)	0.6935946879318101
TRUSTS(476, 190)	0.36854816720019
TRUSTS(248, 21)	0.7017917284370309
TRUSTS(351, 6)	0.36854855499891476
TRUSTS(468, 471)	1.0
TRUSTS(468, 470)	1.0
TRUSTS(468, 469)	1.0
TRUSTS(60, 322)	1.0
TRUSTS(468, 474)	0.36854816720019
TRUSTS(468, 473)	1.0
TRUSTS(58, 414)	0.32353812780240204
TRUSTS(58, 410)	0.6562558699923768
TRUSTS(58, 408)	0.5586442611450094
TRUSTS(57, 442)	1.0
TRUSTS(67, 70)	0.36854816720019
TRUSTS(67, 69)	0.0
TRUSTS(67, 68)	0.0
TRUSTS(353, 40)	1.0
TRUSTS(474, 468)	1.0
TRUSTS(57, 454)	1.0
TRUSTS(482, 168)	0.6389656090178687
TRUSTS(248, 26)	1.0
TRUSTS(58, 415)	1.0
TRUSTS(482, 162)	1.0
TRUSTS(248, 80)	0.7179346663788535
TRUSTS(338, 540)	1.0
TRUSTS(351, 58)	0.43359164953044843
TRUSTS(58, 431)	1.0
TRUSTS(58, 434)	1.0
TRUSTS(473, 484)	1.0
TRUSTS(353, 6)	1.0
TRUSTS(58, 451)	0.5955761657842333
TRUSTS(473, 470)	1.0
TRUSTS(473, 471)	1.0
TRUSTS(473, 468)	0.5964126177524168
TRUSTS(58, 471)	0.630259329227951
TRUSTS(482, 132)	1.0
TRUSTS(351, 162)	0.3967631601404176
TRUSTS(354, 53)	1.0
TRUSTS(62, 322)	0.36854816720019
TRUSTS(64, 246)	0.5005898903581105
TRUSTS(244, 245)	1.0
TRUSTS(244, 246)	1.0
TRUSTS(346, 351)	1.0
TRUSTS(58, 482)	0.6209990906336904
TRUSTS(351, 168)	0.5005788996387746
TRUSTS(346, 354)	0.5536031107380656
TRUSTS(354, 58)	1.0
TRUSTS(346, 313)	1.0
TRUSTS(484, 21)	0.6551217826410333
TRUSTS(354, 21)	1.0
TRUSTS(353, 57)	1.0
TRUSTS(473, 424)	0.49952541566427466
TRUSTS(245, 246)	1.0
TRUSTS(70, 80)	0.6539033186164767
TRUSTS(245, 244)	0.5467873911830565
TRUSTS(354, 36)	1.0
TRUSTS(346, 322)	0.5655903823614368
TRUSTS(354, 26)	0.6566618597846029
TRUSTS(354, 24)	1.0
TRUSTS(58, 516)	0.0
TRUSTS(58, 36)	1.0
TRUSTS(469, 268)	0.5258490025284692
TRUSTS(354, 132)	1.0
TRUSTS(354, 129)	1.0
TRUSTS(58, 21)	0.6137700978221833
TRUSTS(58, 22)	0.4999999999993041
TRUSTS(464, 465)	0.36854816720019
TRUSTS(348, 339)	1.0
TRUSTS(354, 117)	1.0
TRUSTS(471, 220)	1.0
TRUSTS(473, 144)	1.0
TRUSTS(354, 114)	1.0
TRUSTS(353, 148)	0.36854816720019
TRUSTS(354, 111)	1.0
TRUSTS(58, 26)	0.6651027615115782
TRUSTS(471, 168)	1.0
TRUSTS(58, 53)	0.5535797964436783
TRUSTS(354, 78)	0.36854816720019
TRUSTS(51, 308)	1.0
TRUSTS(354, 80)	0.5746517953720108
TRUSTS(59, 60)	1.0
TRUSTS(357, 80)	1.0
TRUSTS(460, 551)	0.5562628391672046
TRUSTS(53, 264)	0.4391139634108133
TRUSTS(58, 80)	0.5428935655222697
TRUSTS(460, 553)	1.0
TRUSTS(354, 176)	1.0
TRUSTS(346, 454)	1.0
TRUSTS(473, 26)	1.0
TRUSTS(57, 168)	0.679776158655617
TRUSTS(354, 162)	0.5977908957795429
TRUSTS(357, 26)	1.0
TRUSTS(354, 144)	0.5845667843104624
TRUSTS(353, 182)	0.0
TRUSTS(357, 36)	1.0
TRUSTS(57, 162)	1.0
TRUSTS(61, 62)	1.0
TRUSTS(58, 168)	0.6204417410350066
TRUSTS(53, 354)	0.5164517973707458
TRUSTS(351, 365)	0.4236421986590023
TRUSTS(473, 248)	1.0
TRUSTS(355, 212)	1.0
TRUSTS(354, 248)	1.0
TRUSTS(354, 246)	1.0
TRUSTS(58, 156)	0.5612855251903329
TRUSTS(351, 354)	0.516064086850437
TRUSTS(357, 132)	0.36854855499891476
TRUSTS(51, 410)	1.0
TRUSTS(353, 276)	0.551932604451297
TRUSTS(473, 268)	1.0
TRUSTS(236, 237)	0.36854816720019
TRUSTS(351, 346)	0.4309180767773946
TRUSTS(49, 539)	1.0
TRUSTS(473, 220)	0.6915357383650401
TRUSTS(354, 213)	0.36854816720019
TRUSTS(350, 351)	0.36854816720019
TRUSTS(51, 434)	1.0
TRUSTS(57, 212)	0.6088616757057872
TRUSTS(354, 322)	0.7411613294779994
TRUSTS(57, 271)	0.5753536196203484
TRUSTS(471, 268)	1.0
TRUSTS(354, 313)	1.0
TRUSTS(354, 312)	1.0
TRUSTS(353, 354)	0.5948541409113666
TRUSTS(353, 352)	0.590793588326958
TRUSTS(354, 315)	0.5406823845810929
TRUSTS(58, 218)	0.5183034192190666
TRUSTS(57, 246)	1.0
TRUSTS(49, 545)	1.0
TRUSTS(353, 338)	0.5691613176745977
TRUSTS(354, 289)	1.0
TRUSTS(58, 264)	0.771357853757141
TRUSTS(352, 353)	0.6709734195399797
TRUSTS(352, 354)	1.0
TRUSTS(353, 318)	0.5521252948225849
TRUSTS(238, 239)	1.0
TRUSTS(353, 322)	1.0
TRUSTS(354, 271)	1.0
TRUSTS(63, 64)	1.0
TRUSTS(476, 64)	1.0
TRUSTS(357, 162)	0.40659228797336106
TRUSTS(58, 253)	0.5171992850128324
TRUSTS(353, 315)	1.0
TRUSTS(354, 264)	0.6984638459731735
TRUSTS(354, 268)	1.0
TRUSTS(357, 156)	0.6119921343295396
TRUSTS(353, 307)	0.6787806588456058
TRUSTS(434, 212)	0.6551364809678714
TRUSTS(529, 553)	1.0
TRUSTS(428, 429)	1.0
TRUSTS(80, 70)	0.5883766344629123
TRUSTS(322, 555)	1.0
TRUSTS(434, 204)	0.6833752504216363
TRUSTS(328, 329)	0.36854816720019
TRUSTS(533, 392)	0.26226995634170003
TRUSTS(530, 531)	0.36854816720019
TRUSTS(539, 198)	1.0
TRUSTS(220, 527)	0.49999999992039895
TRUSTS(324, 497)	0.5656703198775302
TRUSTS(533, 408)	0.45240763445552046
TRUSTS(426, 539)	1.0
TRUSTS(79, 80)	1.0
TRUSTS(80, 42)	0.5338259010440252
TRUSTS(80, 40)	1.0
TRUSTS(533, 367)	0.42564680563068286
TRUSTS(80, 36)	0.725861191666373
TRUSTS(70, 434)	1.0
TRUSTS(338, 21)	1.0
TRUSTS(539, 168)	0.5365215990896314
TRUSTS(80, 58)	0.5211809115976087
TRUSTS(233, 15)	0.36854816720019
TRUSTS(529, 528)	0.1981408655473059
TRUSTS(533, 383)	1.0
TRUSTS(541, 80)	1.0
TRUSTS(322, 497)	0.6133653914113801
TRUSTS(322, 496)	0.36854855499891476
TRUSTS(545, 21)	0.7326842335099873
TRUSTS(537, 322)	0.5048047985687991
TRUSTS(545, 26)	1.0
TRUSTS(220, 471)	0.5553492837715517
TRUSTS(434, 264)	1.0
TRUSTS(80, 6)	0.5584725635781558
TRUSTS(220, 473)	0.6284872494079211
TRUSTS(434, 268)	1.0
TRUSTS(80, 26)	0.4532227122804265
TRUSTS(322, 514)	0.36854816720019
TRUSTS(545, 36)	1.0
TRUSTS(322, 516)	0.611748412531008
TRUSTS(533, 484)	1.0
TRUSTS(80, 21)	0.5879479490986145
TRUSTS(434, 253)	0.5944530510286198
TRUSTS(431, 414)	0.510772609433024
TRUSTS(322, 529)	1.0
TRUSTS(533, 434)	0.0
TRUSTS(226, 225)	0.36854816720019
TRUSTS(322, 531)	1.0
TRUSTS(434, 308)	1.0
TRUSTS(222, 365)	0.36854816720019
TRUSTS(322, 526)	1.0
TRUSTS(533, 451)	1.0
TRUSTS(543, 80)	0.5081041757660801
TRUSTS(545, 6)	0.5827732691961893
TRUSTS(322, 548)	1.0
TRUSTS(545, 8)	0.0
TRUSTS(322, 549)	0.7938206722297217
TRUSTS(327, 351)	1.0
TRUSTS(541, 144)	0.0
TRUSTS(322, 538)	1.0
TRUSTS(322, 537)	1.0
TRUSTS(220, 423)	0.49977981482585715
TRUSTS(322, 539)	0.6566424550407401
TRUSTS(430, 431)	0.0
TRUSTS(533, 446)	0.0
TRUSTS(80, 200)	0.0
TRUSTS(543, 162)	0.0
TRUSTS(80, 204)	1.0
TRUSTS(547, 24)	0.40900620102843976
TRUSTS(533, 541)	0.3579935816228669
TRUSTS(434, 314)	0.553798599707145
TRUSTS(547, 21)	0.5035581709463909
TRUSTS(80, 212)	0.5238864623964975
TRUSTS(545, 107)	0.5983700146233494
TRUSTS(431, 434)	0.6570762159405034
TRUSTS(440, 101)	1.0
TRUSTS(536, 436)	0.36854816720019
TRUSTS(539, 322)	0.6331954916274299
TRUSTS(80, 220)	1.0
TRUSTS(434, 364)	1.0
TRUSTS(545, 49)	1.0
TRUSTS(545, 51)	1.0
TRUSTS(80, 162)	0.39383817192219156
TRUSTS(338, 132)	0.514815052730262
TRUSTS(431, 482)	0.5913720024471232
TRUSTS(541, 204)	1.0
TRUSTS(532, 533)	0.36854816720019
TRUSTS(535, 436)	1.0
TRUSTS(538, 322)	0.49999999853783833
TRUSTS(442, 57)	0.5609435205769158
TRUSTS(537, 367)	0.5104585300558495
TRUSTS(338, 26)	1.0
TRUSTS(433, 434)	0.0
TRUSTS(541, 303)	1.0
TRUSTS(540, 338)	0.5593576885779702
TRUSTS(330, 331)	1.0
TRUSTS(545, 162)	1.0
TRUSTS(541, 308)	0.5185594454578992
TRUSTS(434, 383)	1.0
TRUSTS(540, 354)	0.5946324464645162
TRUSTS(533, 553)	0.5172670571551251
TRUSTS(434, 426)	0.35400697733747116
TRUSTS(431, 541)	0.5973508686467411
TRUSTS(434, 431)	1.0
TRUSTS(541, 264)	0.547356243345301
TRUSTS(434, 408)	0.5657751924700098
TRUSTS(220, 550)	1.0
TRUSTS(434, 410)	1.0
TRUSTS(81, 82)	0.0
TRUSTS(543, 204)	0.3983688392081051
TRUSTS(545, 132)	1.0
TRUSTS(547, 58)	0.4945015435906679
TRUSTS(437, 310)	1.0
TRUSTS(229, 230)	1.0
TRUSTS(229, 231)	0.36854816720019
TRUSTS(541, 383)	1.0
TRUSTS(432, 15)	0.36854816720019
TRUSTS(539, 451)	1.0
TRUSTS(220, 264)	0.36267369295724194
TRUSTS(541, 364)	0.6614271373835503
TRUSTS(550, 32)	1.0
TRUSTS(218, 365)	1.0
TRUSTS(548, 107)	1.0
TRUSTS(541, 367)	1.0
TRUSTS(545, 212)	0.6580867737137708
TRUSTS(431, 58)	0.6122737393816116
TRUSTS(335, 331)	0.36854816720019
TRUSTS(550, 26)	0.4001451284243857
TRUSTS(539, 426)	0.495689895922114
TRUSTS(431, 80)	0.5241471770181162
TRUSTS(221, 222)	0.36854816720019
TRUSTS(336, 331)	0.36854816720019
TRUSTS(431, 94)	1.0
TRUSTS(540, 365)	0.6472285099138215
TRUSTS(212, 545)	1.0
TRUSTS(422, 423)	0.36854816720019
TRUSTS(422, 424)	1.0
TRUSTS(72, 73)	1.0
TRUSTS(220, 248)	1.0
TRUSTS(338, 176)	1.0
TRUSTS(543, 369)	0.36854816720019
TRUSTS(434, 6)	0.41617415923827694
TRUSTS(70, 132)	0.36854816720019
TRUSTS(541, 434)	1.0
TRUSTS(423, 422)	0.36854816720019
TRUSTS(538, 539)	0.4301647568430697
TRUSTS(552, 21)	0.5888589676390894
TRUSTS(538, 540)	1.0
TRUSTS(434, 21)	0.7369867066386979
TRUSTS(538, 541)	0.36854816720019
TRUSTS(338, 166)	1.0
TRUSTS(541, 431)	0.6225949852370855
TRUSTS(545, 268)	1.0
TRUSTS(548, 162)	0.43443510746993363
TRUSTS(212, 516)	1.0
TRUSTS(551, 53)	1.0
TRUSTS(58, 553)	0.31697264532080366
TRUSTS(212, 476)	1.0
TRUSTS(338, 212)	1.0
TRUSTS(434, 36)	1.0
TRUSTS(545, 265)	0.0
TRUSTS(550, 80)	0.8148943774650985
TRUSTS(220, 168)	0.6625879018286631
TRUSTS(64, 322)	0.37275840848389835
TRUSTS(426, 322)	0.5286794412265843
TRUSTS(434, 26)	0.6897053728613619
TRUSTS(551, 32)	1.0
TRUSTS(58, 547)	0.5273437738559853
TRUSTS(58, 540)	0.600129037828776
TRUSTS(434, 51)	0.6497545607754267
TRUSTS(219, 220)	0.36854816720019
TRUSTS(434, 42)	0.42511620425256713
TRUSTS(334, 331)	0.36854816720019
TRUSTS(550, 51)	1.0
TRUSTS(431, 156)	0.612823967439985
TRUSTS(212, 482)	1.0
TRUSTS(553, 58)	0.0
TRUSTS(431, 168)	0.5906263357385437
TRUSTS(434, 58)	0.6641963668345668
TRUSTS(77, 78)	0.0
TRUSTS(550, 176)	1.0
TRUSTS(434, 70)	0.5272161396112842
TRUSTS(225, 226)	0.36854816720019
TRUSTS(220, 408)	0.6154254041871106
TRUSTS(218, 482)	1.0
TRUSTS(434, 80)	1.0
TRUSTS(550, 156)	1.0
TRUSTS(338, 353)	1.0
TRUSTS(73, 184)	0.36865976827902586
TRUSTS(425, 426)	0.36854816720019
TRUSTS(431, 204)	1.0
TRUSTS(539, 538)	0.5164609527547174
TRUSTS(73, 183)	0.36875441200178427
TRUSTS(224, 223)	0.36854816720019
TRUSTS(431, 212)	0.5789037378728368
TRUSTS(346, 107)	1.0
TRUSTS(220, 367)	1.0
TRUSTS(339, 345)	0.36854816720019
TRUSTS(339, 342)	0.0
TRUSTS(339, 341)	0.0
TRUSTS(339, 340)	1.0
TRUSTS(424, 473)	0.4997798148258553
TRUSTS(339, 349)	0.36854816720019
TRUSTS(220, 383)	0.8506662746060432
TRUSTS(339, 348)	1.0
TRUSTS(339, 347)	1.0
TRUSTS(339, 346)	0.36854816720019
TRUSTS(75, 76)	0.0
TRUSTS(426, 415)	0.0
TRUSTS(549, 264)	1.0
TRUSTS(545, 415)	1.0
TRUSTS(337, 338)	1.0
TRUSTS(223, 224)	0.36854816720019
TRUSTS(338, 307)	1.0
TRUSTS(552, 168)	0.5957315554884147
TRUSTS(549, 248)	1.0
TRUSTS(426, 434)	0.0
TRUSTS(550, 220)	0.6179219188922715
TRUSTS(545, 410)	0.6759712157568605
TRUSTS(555, 40)	1.0
TRUSTS(431, 264)	1.0
TRUSTS(218, 371)	0.5053572379515948
TRUSTS(541, 533)	0.0
TRUSTS(548, 279)	1.0
TRUSTS(551, 168)	0.6027113393788128
TRUSTS(555, 21)	0.5558767732493376
TRUSTS(434, 168)	0.6310558870713006
TRUSTS(338, 311)	1.0
TRUSTS(545, 364)	1.0
TRUSTS(545, 371)	0.5430262001478914
TRUSTS(338, 322)	0.7170406550568759
TRUSTS(74, 73)	0.36854816720019
TRUSTS(543, 451)	0.3082480913450797
TRUSTS(322, 80)	0.6862734634548984
TRUSTS(80, 559)	0.0
TRUSTS(542, 543)	0.36854816720019
TRUSTS(322, 76)	1.0
TRUSTS(548, 322)	0.7331011364394929
TRUSTS(545, 434)	1.0
TRUSTS(80, 550)	0.8180158002845496
TRUSTS(212, 278)	1.0
TRUSTS(316, 318)	1.0
TRUSTS(315, 354)	0.5583175919590992
TRUSTS(316, 317)	1.0
TRUSTS(218, 58)	1.0
TRUSTS(316, 320)	0.6015503954874998
TRUSTS(316, 319)	1.0
TRUSTS(93, 94)	1.0
TRUSTS(553, 162)	0.0
TRUSTS(322, 89)	1.0
TRUSTS(453, 26)	1.0
TRUSTS(550, 264)	0.5281240716238707
TRUSTS(315, 353)	0.5081258453303064
TRUSTS(545, 451)	1.0
TRUSTS(549, 322)	0.7874946485726358
TRUSTS(311, 455)	0.36854816720019
TRUSTS(216, 184)	1.0
TRUSTS(220, 36)	1.0
TRUSTS(308, 559)	0.0
TRUSTS(220, 21)	0.6938034161611145
TRUSTS(322, 40)	0.6708739859876
TRUSTS(553, 168)	0.2787478153456776
TRUSTS(212, 322)	1.0
TRUSTS(212, 310)	0.5887774004891349
TRUSTS(322, 64)	1.0
TRUSTS(212, 315)	0.6329916190806888
TRUSTS(547, 415)	0.4974381163851074
TRUSTS(212, 313)	0.6455582920297344
TRUSTS(442, 411)	0.6940197390996679
TRUSTS(547, 414)	0.4879180192502894
TRUSTS(322, 57)	0.6741552364192143
TRUSTS(446, 252)	0.5013351966037726
TRUSTS(322, 62)	0.36854816720019
TRUSTS(212, 307)	0.8576087067881252
TRUSTS(322, 60)	1.0
TRUSTS(313, 354)	0.6049371796090283
TRUSTS(206, 451)	0.36866055683570553
TRUSTS(553, 204)	0.0
TRUSTS(322, 17)	1.0
TRUSTS(313, 346)	0.6605242723866054
TRUSTS(550, 313)	0.5604642789241981
TRUSTS(550, 308)	0.28120197377679523
TRUSTS(315, 268)	0.5538418109964847
TRUSTS(310, 454)	0.5879431506459958
TRUSTS(551, 299)	0.36854816720019
TRUSTS(311, 442)	1.0
TRUSTS(308, 555)	0.09442601493733252
TRUSTS(451, 176)	0.5636154495234066
TRUSTS(308, 550)	0.0
TRUSTS(212, 213)	1.0
TRUSTS(446, 357)	0.5418676749698047
TRUSTS(451, 166)	0.5643838993332277
TRUSTS(446, 354)	0.5165847057586374
TRUSTS(549, 367)	1.0
TRUSTS(212, 211)	0.5467873911830565
TRUSTS(451, 168)	0.6316429153979615
TRUSTS(454, 57)	0.5447162662240541
TRUSTS(322, 24)	0.46827225028668656
TRUSTS(308, 541)	0.5389436871349562
TRUSTS(451, 162)	0.5420104974696405
TRUSTS(544, 545)	0.36854816720019
TRUSTS(550, 353)	0.5135932280679518
TRUSTS(552, 279)	0.0
TRUSTS(212, 268)	1.0
TRUSTS(559, 21)	0.48517196435600995
TRUSTS(315, 246)	0.48360297300137073
TRUSTS(551, 314)	1.0
TRUSTS(551, 315)	1.0
TRUSTS(312, 354)	0.570565971799804
TRUSTS(204, 553)	0.37915478557558857
TRUSTS(310, 421)	0.5117683884769896
TRUSTS(555, 156)	1.0
TRUSTS(80, 516)	0.0
TRUSTS(322, 6)	1.0
TRUSTS(80, 541)	0.5946013390129675
TRUSTS(451, 144)	0.5130091026324406
TRUSTS(94, 26)	1.0
TRUSTS(80, 543)	0.4025594257912096
TRUSTS(213, 212)	0.5485599765337257
TRUSTS(545, 552)	0.7059314832190268
TRUSTS(210, 322)	0.5169946397518336
TRUSTS(213, 211)	0.5081607804180683
TRUSTS(204, 543)	0.49999999999602845
TRUSTS(545, 550)	1.0
TRUSTS(204, 541)	0.8109175454831185
TRUSTS(312, 365)	0.6254209632351964
TRUSTS(446, 317)	0.5045225659549206
TRUSTS(310, 437)	0.49999861640986526
TRUSTS(451, 132)	0.6201831383480859
TRUSTS(212, 414)	0.5929084594864323
TRUSTS(549, 411)	0.36854816720019
TRUSTS(212, 415)	1.0
TRUSTS(220, 119)	0.4994893636299159
TRUSTS(322, 201)	1.0
TRUSTS(322, 206)	1.0
TRUSTS(446, 434)	0.3978677289907348
TRUSTS(318, 353)	1.0
TRUSTS(322, 210)	1.0
TRUSTS(322, 212)	1.0
TRUSTS(552, 312)	1.0
TRUSTS(442, 559)	0.45503982074011035
TRUSTS(552, 313)	0.6212547524409827
TRUSTS(313, 550)	1.0
TRUSTS(553, 279)	0.5860685587621762
TRUSTS(313, 552)	1.0
TRUSTS(553, 280)	0.36854803347785225
TRUSTS(217, 218)	1.0
TRUSTS(315, 482)	1.0
TRUSTS(322, 224)	1.0
TRUSTS(89, 364)	0.36854816720019
TRUSTS(453, 162)	1.0
TRUSTS(546, 547)	0.0
TRUSTS(318, 317)	0.5552490393126522
TRUSTS(322, 169)	0.36854816720019
TRUSTS(451, 212)	0.6131469354716236
TRUSTS(212, 446)	0.3268561976069299
TRUSTS(318, 316)	0.5512535757619975
TRUSTS(322, 168)	1.0
TRUSTS(318, 322)	0.5502340328672334
TRUSTS(550, 410)	0.6877430505099184
TRUSTS(212, 451)	1.0
TRUSTS(99, 11)	0.36854816720019
TRUSTS(550, 414)	1.0
TRUSTS(212, 455)	1.0
TRUSTS(550, 413)	0.4836761037296099
TRUSTS(559, 80)	0.45010897140011386
TRUSTS(212, 454)	1.0
TRUSTS(322, 176)	1.0
TRUSTS(454, 107)	0.6067064527362431
TRUSTS(212, 460)	1.0
TRUSTS(312, 552)	0.574740792919437
TRUSTS(445, 446)	0.0
TRUSTS(212, 431)	1.0
TRUSTS(557, 162)	1.0
TRUSTS(456, 15)	1.0
TRUSTS(97, 98)	1.0
TRUSTS(212, 434)	1.0
TRUSTS(322, 188)	0.36854816720019
TRUSTS(552, 354)	0.5994189987389156
TRUSTS(322, 198)	1.0
TRUSTS(451, 206)	0.3708712063697047
TRUSTS(453, 132)	1.0
TRUSTS(212, 442)	1.0
TRUSTS(220, 146)	0.3724130097528783
TRUSTS(455, 162)	1.0
TRUSTS(552, 365)	0.5769298939758595
TRUSTS(322, 142)	0.6127590012484683
TRUSTS(210, 424)	1.0
TRUSTS(317, 320)	0.5120792923401387
TRUSTS(314, 434)	1.0
TRUSTS(322, 147)	1.0
TRUSTS(212, 364)	0.6454375299823173
TRUSTS(315, 409)	0.36854816720019
TRUSTS(312, 516)	0.5344150839213109
TRUSTS(550, 446)	0.37298286037064415
TRUSTS(322, 145)	0.36854816720019
TRUSTS(212, 338)	1.0
TRUSTS(315, 415)	1.0
TRUSTS(312, 527)	0.5472487868402114
TRUSTS(322, 151)	1.0
TRUSTS(551, 414)	0.5634303048285121
TRUSTS(94, 107)	0.36854816720019
TRUSTS(322, 164)	1.0
TRUSTS(553, 354)	0.33274096307100554
TRUSTS(322, 166)	0.7878735950071453
TRUSTS(447, 446)	1.0
TRUSTS(212, 387)	0.4276239512446282
TRUSTS(454, 168)	0.5877928771675325
TRUSTS(453, 204)	1.0
TRUSTS(454, 166)	0.5639039023046472
TRUSTS(451, 276)	0.5461944894772841
TRUSTS(315, 364)	0.5707426162309746
TRUSTS(553, 357)	0.5089817583494832
TRUSTS(322, 103)	1.0
TRUSTS(548, 556)	1.0
TRUSTS(550, 482)	1.0
TRUSTS(548, 555)	1.0
TRUSTS(548, 554)	1.0
TRUSTS(548, 553)	1.0
TRUSTS(94, 132)	1.0
TRUSTS(322, 114)	1.0
TRUSTS(548, 552)	1.0
TRUSTS(548, 551)	1.0
TRUSTS(553, 366)	0.4711523528085192
TRUSTS(548, 550)	1.0
TRUSTS(548, 549)	1.0
TRUSTS(88, 367)	1.0
TRUSTS(552, 411)	1.0
TRUSTS(313, 455)	0.5326567483359845
TRUSTS(212, 365)	1.0
TRUSTS(548, 557)	0.5766133626140199
TRUSTS(317, 318)	1.0
TRUSTS(551, 460)	1.0
TRUSTS(317, 316)	0.5897234286226997
TRUSTS(322, 131)	1.0
TRUSTS(559, 162)	0.5947343941613171
TRUSTS(322, 132)	0.6682799882369507
TRUSTS(451, 268)	1.0
TRUSTS(555, 308)	1.0
TRUSTS(220, 80)	1.0
TRUSTS(322, 130)	0.5279721695639101
TRUSTS(553, 383)	0.2900459838744177
TRUSTS(312, 497)	0.5207201348917723
TRUSTS(446, 452)	0.38638960064468886
TRUSTS(317, 539)	1.0
TRUSTS(322, 354)	1.0
TRUSTS(442, 186)	1.0
TRUSTS(553, 415)	0.0
TRUSTS(207, 208)	0.36854816720019
TRUSTS(322, 353)	1.0
TRUSTS(553, 413)	0.4938432257771199
TRUSTS(198, 539)	0.5263304060125987
TRUSTS(212, 21)	1.0
TRUSTS(212, 26)	0.6646644205506671
TRUSTS(322, 346)	0.6160475090928539
TRUSTS(435, 436)	0.36854816720019
TRUSTS(80, 308)	0.0
TRUSTS(549, 553)	0.7543122985523274
TRUSTS(434, 471)	0.6573626281618647
TRUSTS(551, 484)	1.0
TRUSTS(434, 497)	0.6133382369069487
TRUSTS(442, 201)	0.5310071089146917
TRUSTS(322, 338)	0.7958859299684894
TRUSTS(555, 322)	0.6298730592182599
TRUSTS(549, 550)	1.0
TRUSTS(549, 548)	1.0
TRUSTS(559, 168)	0.5030312358355448
TRUSTS(204, 325)	1.0
TRUSTS(201, 442)	1.0
TRUSTS(434, 493)	0.42321103815221106
TRUSTS(201, 441)	1.0
TRUSTS(87, 89)	1.0
TRUSTS(87, 88)	1.0
TRUSTS(550, 555)	0.6871901938644499
TRUSTS(446, 6)	0.4244420999478828
TRUSTS(322, 321)	0.36854816720019
TRUSTS(553, 446)	0.4887595674843934
TRUSTS(210, 132)	1.0
TRUSTS(322, 324)	1.0
TRUSTS(206, 279)	0.0
TRUSTS(212, 57)	0.6255802357632317
TRUSTS(87, 90)	0.8516699068631106
TRUSTS(322, 312)	1.0
TRUSTS(550, 548)	0.7039855602409881
TRUSTS(431, 553)	0.3584617465501643
TRUSTS(550, 549)	0.5454278298350993
TRUSTS(550, 552)	1.0
TRUSTS(325, 204)	1.0
TRUSTS(322, 318)	1.0
TRUSTS(434, 446)	0.0
TRUSTS(550, 553)	1.0
TRUSTS(322, 303)	1.0
TRUSTS(442, 168)	1.0
TRUSTS(204, 367)	1.0
TRUSTS(553, 431)	0.0
TRUSTS(322, 307)	1.0
TRUSTS(325, 198)	0.6352814358083261
TRUSTS(553, 434)	0.34611060577603725
TRUSTS(550, 545)	0.6906464033704933
TRUSTS(322, 310)	0.6120281687790232
TRUSTS(446, 26)	1.0
TRUSTS(80, 322)	0.6522918876137834
TRUSTS(315, 557)	1.0
TRUSTS(322, 299)	0.5213376629203578
TRUSTS(441, 200)	1.0
TRUSTS(441, 201)	0.6768236493517291
TRUSTS(555, 409)	0.36854816720019
TRUSTS(315, 551)	0.5567083142159256
TRUSTS(434, 545)	0.6999440565978089
TRUSTS(551, 552)	0.5981222850612229
TRUSTS(321, 322)	0.36854816720019
TRUSTS(434, 541)	0.6409284242616117
TRUSTS(551, 548)	0.4689071616053377
TRUSTS(80, 248)	0.6450295063342171
TRUSTS(556, 357)	0.547426171911025
TRUSTS(198, 497)	0.5272278557579716
TRUSTS(322, 278)	1.0
TRUSTS(322, 276)	1.0
TRUSTS(322, 274)	0.36854816720019
TRUSTS(557, 315)	0.5883151342166292
TRUSTS(322, 271)	1.0
TRUSTS(553, 460)	0.5004221111532572
TRUSTS(324, 198)	0.6613221136566123
TRUSTS(322, 268)	1.0
TRUSTS(434, 553)	0.39876811800476414
TRUSTS(204, 264)	0.6525490865029507
TRUSTS(552, 550)	0.6711241531157548
TRUSTS(437, 404)	1.0
TRUSTS(317, 446)	1.0
TRUSTS(552, 551)	0.5862926779326667
TRUSTS(314, 551)	0.5546416992086006
TRUSTS(322, 255)	1.0
TRUSTS(552, 545)	0.636894883243136
TRUSTS(552, 548)	0.5042464600532472
TRUSTS(315, 516)	1.0
TRUSTS(442, 212)	0.6276255206257895
TRUSTS(322, 248)	1.0
TRUSTS(206, 205)	1.0
TRUSTS(85, 86)	0.36854816720019
TRUSTS(320, 317)	1.0
TRUSTS(434, 533)	0.4446680298123578
TRUSTS(204, 308)	0.5006086921218713
TRUSTS(322, 246)	1.0
TRUSTS(80, 268)	1.0
TRUSTS(212, 6)	0.642067206699121
TRUSTS(80, 265)	0.2711909076105017
TRUSTS(204, 303)	0.6146684595833318
TRUSTS(320, 316)	0.6027636127996189
TRUSTS(323, 198)	1.0
TRUSTS(80, 264)	0.4713959344610728
TRUSTS(446, 80)	0.2944770132206939
TRUSTS(200, 441)	0.6970394905786634
TRUSTS(80, 434)	1.0
TRUSTS(329, 213)	1.0
TRUSTS(553, 533)	0.5157867737793533
TRUSTS(326, 327)	0.36854816720019
TRUSTS(442, 307)	0.6742075582116709
TRUSTS(212, 152)	1.0
TRUSTS(322, 482)	1.0
TRUSTS(442, 311)	1.0
TRUSTS(324, 411)	1.0
TRUSTS(80, 446)	0.0
TRUSTS(446, 168)	0.5340261560684025
TRUSTS(442, 322)	0.7377270146085496
TRUSTS(89, 87)	1.0
TRUSTS(322, 455)	0.6794892322547179
TRUSTS(89, 88)	0.8083670667323104
TRUSTS(89, 90)	1.0
TRUSTS(552, 557)	1.0
TRUSTS(80, 426)	1.0
TRUSTS(212, 166)	1.0
TRUSTS(559, 308)	0.5254662886177802
TRUSTS(553, 529)	0.5155073055450162
TRUSTS(80, 431)	0.5621950943264634
TRUSTS(211, 212)	1.0
TRUSTS(322, 441)	0.5978054797191781
TRUSTS(211, 213)	1.0
TRUSTS(322, 442)	0.7947484081843784
TRUSTS(555, 497)	0.5204672231106929
TRUSTS(322, 449)	1.0
TRUSTS(212, 184)	1.0
TRUSTS(559, 354)	0.5112111945141453
TRUSTS(441, 322)	0.5586925708297493
TRUSTS(449, 26)	0.36916181643345763
TRUSTS(204, 484)	0.625147164540301
TRUSTS(553, 549)	1.0
TRUSTS(553, 548)	0.6351142344533254
TRUSTS(322, 426)	1.0
TRUSTS(446, 142)	0.43115790598202924
TRUSTS(553, 550)	1.0
TRUSTS(438, 439)	0.0
TRUSTS(90, 89)	1.0
TRUSTS(449, 36)	0.36868367221980636
TRUSTS(553, 556)	0.5496750735300733
TRUSTS(90, 88)	1.0
TRUSTS(325, 323)	0.55755510364282
TRUSTS(90, 87)	1.0
TRUSTS(322, 436)	1.0
TRUSTS(325, 324)	0.6510966452916233
TRUSTS(329, 176)	1.0
TRUSTS(212, 204)	1.0
TRUSTS(212, 80)	1.0
TRUSTS(322, 421)	1.0
TRUSTS(80, 383)	1.0
TRUSTS(88, 87)	0.7976479857254858
TRUSTS(204, 383)	1.0
TRUSTS(322, 415)	0.6522318173264754
TRUSTS(206, 322)	0.36854816720019
TRUSTS(322, 398)	1.0
TRUSTS(80, 357)	0.3521587773027957
TRUSTS(209, 210)	0.36854816720019
TRUSTS(322, 397)	0.5404249352635419
TRUSTS(324, 323)	0.5598143786335852
TRUSTS(324, 322)	0.5832109313410166
TRUSTS(89, 26)	1.0
TRUSTS(80, 354)	0.5556275232610091
TRUSTS(80, 366)	0.7027572592696698
TRUSTS(452, 26)	0.3860656796048092
TRUSTS(80, 367)	0.6908654678129819
TRUSTS(329, 144)	0.36854816720019
TRUSTS(322, 399)	0.36854816720019
TRUSTS(324, 325)	1.0
TRUSTS(451, 58)	1.0
TRUSTS(451, 6)	1.0
TRUSTS(324, 307)	0.6251064993267148
TRUSTS(559, 413)	0.16973799905412365
TRUSTS(322, 377)	0.36854816720019
TRUSTS(555, 556)	0.6929046080806703
TRUSTS(204, 408)	0.6440151611009021
TRUSTS(80, 415)	0.0
TRUSTS(80, 414)	1.0
TRUSTS(322, 383)	1.0
TRUSTS(559, 414)	0.006175882654681834
TRUSTS(322, 366)	1.0
TRUSTS(322, 365)	1.0
TRUSTS(88, 90)	0.6780062217824695
TRUSTS(323, 325)	0.5839457027354433
TRUSTS(329, 103)	1.0
TRUSTS(442, 354)	1.0
TRUSTS(451, 21)	1.0
TRUSTS(88, 89)	1.0
TRUSTS(323, 324)	0.5876198156899961
TRUSTS(204, 434)	0.731102942033159
TRUSTS(555, 550)	1.0
TRUSTS(446, 212)	0.495496753257891
TRUSTS(322, 367)	1.0
TRUSTS(451, 26)	1.0
TRUSTS(204, 431)	0.6029855177619573
TRUSTS(555, 548)	1.0
