TRUSTS(103, 329)	1.0
TRUSTS(303, 322)	0.6327443016676648
TRUSTS(410, 245)	0.5000000000000002
TRUSTS(516, 212)	0.7277407124114496
TRUSTS(307, 166)	1.0
TRUSTS(415, 58)	0.8128389266359644
TRUSTS(415, 80)	0.45741069244653787
TRUSTS(107, 168)	0.9032155158688521
TRUSTS(204, 168)	0.8203263755795257
TRUSTS(203, 204)	0.0
TRUSTS(202, 199)	1.0
TRUSTS(202, 200)	0.9921699151764501
TRUSTS(202, 201)	1.0
TRUSTS(108, 109)	0.5000000000000002
TRUSTS(308, 168)	0.4803308846542355
TRUSTS(304, 305)	0.0
TRUSTS(413, 162)	0.35118370179028996
TRUSTS(507, 508)	1.0
TRUSTS(516, 176)	0.7172740663968082
TRUSTS(307, 198)	1.0
TRUSTS(407, 409)	1.0
TRUSTS(516, 168)	0.7529358336356843
TRUSTS(407, 408)	0.5000000000000002
TRUSTS(312, 6)	0.8214685370113657
TRUSTS(198, 367)	1.0
TRUSTS(516, 162)	1.0
TRUSTS(408, 367)	1.0
TRUSTS(308, 204)	0.49398788899605167
TRUSTS(516, 156)	0.6927076138439963
TRUSTS(414, 40)	1.0
TRUSTS(313, 8)	0.15708546013250393
TRUSTS(105, 308)	1.0
TRUSTS(410, 176)	1.0
TRUSTS(414, 58)	0.0
TRUSTS(415, 21)	0.8359680372596761
TRUSTS(205, 206)	1.0
TRUSTS(411, 168)	0.91610558487759
TRUSTS(303, 367)	1.0
TRUSTS(516, 132)	0.8042328169494849
TRUSTS(303, 364)	1.0
TRUSTS(110, 111)	0.5000000000000002
TRUSTS(415, 11)	0.0047032711223480555
TRUSTS(307, 212)	1.0
TRUSTS(306, 307)	0.0
TRUSTS(405, 404)	1.0
TRUSTS(306, 308)	0.5000000000000002
TRUSTS(313, 49)	0.7218524611381979
TRUSTS(306, 309)	1.0
TRUSTS(306, 310)	1.0
TRUSTS(404, 437)	0.7720169633295815
TRUSTS(314, 6)	0.0
TRUSTS(312, 75)	0.0
TRUSTS(204, 212)	0.8154832654836119
TRUSTS(201, 322)	0.8790621703420715
TRUSTS(409, 265)	0.0
TRUSTS(414, 80)	1.0
TRUSTS(313, 21)	0.6827083701081507
TRUSTS(414, 76)	0.5000000000000002
TRUSTS(516, 80)	0.49563373908881103
TRUSTS(204, 21)	0.8985831557608635
TRUSTS(413, 11)	0.6302982196819464
TRUSTS(308, 6)	0.0
TRUSTS(107, 53)	1.0
TRUSTS(413, 8)	0.0
TRUSTS(408, 204)	0.9075861499879366
TRUSTS(105, 107)	0.8759898579515683
TRUSTS(413, 26)	1.0
TRUSTS(299, 322)	0.8446433719034995
TRUSTS(200, 199)	1.0
TRUSTS(408, 220)	0.9082603291735815
TRUSTS(403, 404)	1.0
TRUSTS(299, 367)	0.8706550201587135
TRUSTS(299, 366)	1.0
TRUSTS(98, 353)	1.0
TRUSTS(516, 58)	0.37161120712926937
TRUSTS(414, 11)	0.49973100509990953
TRUSTS(104, 105)	1.0
TRUSTS(410, 162)	1.0
TRUSTS(303, 204)	1.0
TRUSTS(410, 168)	0.8560572394075506
TRUSTS(199, 200)	1.0
TRUSTS(199, 201)	1.0
TRUSTS(199, 202)	1.0
TRUSTS(107, 8)	0.12279675352312985
TRUSTS(308, 26)	0.7507830939077476
TRUSTS(414, 24)	0.5019941354863621
TRUSTS(408, 248)	0.9050490550017055
TRUSTS(201, 202)	1.0
TRUSTS(201, 200)	1.0
TRUSTS(410, 51)	0.8850819341638595
TRUSTS(201, 199)	0.9708647141137207
TRUSTS(508, 312)	1.0
TRUSTS(198, 307)	0.9306224180706067
TRUSTS(198, 322)	0.9324125256421562
TRUSTS(206, 26)	0.41773704133750544
TRUSTS(402, 357)	1.0
TRUSTS(516, 26)	0.6566098141419239
TRUSTS(410, 58)	1.0
TRUSTS(503, 504)	1.0
TRUSTS(516, 21)	1.0
TRUSTS(308, 51)	0.41135079861867385
TRUSTS(411, 32)	0.5000000000000002
TRUSTS(401, 400)	0.9277566371550607
TRUSTS(198, 325)	1.0
TRUSTS(401, 399)	1.0
TRUSTS(198, 323)	0.8652568589926142
TRUSTS(198, 324)	1.0
TRUSTS(107, 105)	0.8511937421473538
TRUSTS(206, 36)	0.37214041679565074
TRUSTS(200, 202)	1.0
TRUSTS(200, 201)	0.9850838148843396
TRUSTS(310, 21)	0.8632213001798719
TRUSTS(308, 105)	0.56903715565836
TRUSTS(105, 162)	1.0
TRUSTS(404, 310)	0.8376774984562648
TRUSTS(302, 303)	1.0
TRUSTS(303, 264)	0.8410371313389997
TRUSTS(308, 80)	0.0
TRUSTS(409, 144)	0.5000000000000002
TRUSTS(106, 107)	1.0
TRUSTS(204, 80)	0.6612039636870031
TRUSTS(516, 454)	1.0
TRUSTS(410, 11)	0.5000316805102586
TRUSTS(315, 107)	1.0
TRUSTS(196, 197)	0.5000000000000002
TRUSTS(196, 198)	1.0
TRUSTS(314, 168)	0.5862464341165133
TRUSTS(399, 400)	0.9420151953227346
TRUSTS(399, 401)	0.9277566371550606
TRUSTS(310, 322)	0.911261016743363
TRUSTS(408, 58)	0.8611817764109858
TRUSTS(102, 103)	0.0
TRUSTS(401, 373)	1.0
TRUSTS(307, 442)	1.0
TRUSTS(200, 26)	0.5001087322832969
TRUSTS(516, 414)	0.3098505545635527
TRUSTS(313, 212)	0.9034046607965782
TRUSTS(400, 401)	1.0
TRUSTS(401, 364)	1.0
TRUSTS(410, 36)	1.0
TRUSTS(308, 401)	0.5000923885443758
TRUSTS(410, 26)	0.6965658953046089
TRUSTS(315, 162)	1.0
TRUSTS(315, 168)	0.8006927425995394
TRUSTS(400, 399)	0.9420151953227345
TRUSTS(307, 452)	1.0
TRUSTS(308, 415)	0.0
TRUSTS(312, 265)	0.19476284010176137
TRUSTS(312, 271)	0.8561958417382624
TRUSTS(410, 21)	0.8683232114171665
TRUSTS(105, 51)	0.7986404651570863
TRUSTS(315, 184)	1.0
TRUSTS(308, 434)	1.0
TRUSTS(315, 170)	1.0
TRUSTS(313, 268)	1.0
TRUSTS(311, 338)	1.0
TRUSTS(313, 265)	0.0
TRUSTS(513, 514)	0.5000000000000002
TRUSTS(315, 212)	0.8529020648748581
TRUSTS(312, 322)	0.9027248030506481
TRUSTS(401, 308)	0.5000587033872538
TRUSTS(98, 268)	1.0
TRUSTS(313, 276)	0.7649642135604885
TRUSTS(94, 431)	1.0
TRUSTS(200, 80)	0.4998903968643228
TRUSTS(398, 397)	0.8457204050639671
TRUSTS(516, 367)	0.6789411422594965
TRUSTS(310, 404)	0.8089546457688238
TRUSTS(306, 311)	1.0
TRUSTS(306, 312)	0.5000000000000002
TRUSTS(306, 313)	0.5000000000000002
TRUSTS(307, 276)	0.8770645301923898
TRUSTS(306, 314)	0.5000000000000002
TRUSTS(306, 315)	1.0
TRUSTS(310, 168)	0.8899431269661403
TRUSTS(516, 322)	0.7470577265135897
TRUSTS(396, 395)	1.0
TRUSTS(398, 322)	0.7694850936607253
TRUSTS(190, 310)	0.5000000000000002
TRUSTS(312, 107)	0.8748431011100151
TRUSTS(186, 442)	0.936686006121133
TRUSTS(308, 264)	0.8020885156255751
TRUSTS(392, 533)	0.0
TRUSTS(510, 511)	0.0
TRUSTS(315, 21)	0.8336721127110669
TRUSTS(397, 398)	1.0
TRUSTS(307, 324)	0.9622873793039567
TRUSTS(310, 212)	0.8911526574711163
TRUSTS(307, 322)	1.0
TRUSTS(313, 107)	1.0
TRUSTS(516, 312)	0.7305780849283814
TRUSTS(524, 15)	1.0
TRUSTS(315, 40)	0.8370032497747498
TRUSTS(516, 315)	0.6801747703599558
TRUSTS(307, 338)	0.9778049218365263
TRUSTS(307, 353)	0.9724318801359862
TRUSTS(312, 168)	0.8754397273834408
TRUSTS(100, 101)	0.5000000000000002
TRUSTS(396, 315)	1.0
TRUSTS(315, 58)	0.5916385114879082
TRUSTS(401, 132)	1.0
TRUSTS(395, 396)	1.0
TRUSTS(397, 322)	0.8523519170740029
TRUSTS(313, 162)	0.817064010945057
TRUSTS(396, 367)	1.0
TRUSTS(197, 80)	0.5000000000000002
TRUSTS(303, 541)	0.7546273500200023
TRUSTS(317, 21)	1.0
TRUSTS(313, 168)	0.8959676387461852
TRUSTS(516, 248)	1.0
TRUSTS(317, 26)	0.7484112666869878
TRUSTS(119, 220)	1.0
TRUSTS(431, 21)	0.8819743180896599
TRUSTS(420, 421)	1.0
TRUSTS(6, 51)	0.7425948882807025
TRUSTS(534, 15)	1.0
TRUSTS(6, 80)	0.5880741226773993
TRUSTS(189, 190)	0.5000000000000002
TRUSTS(425, 253)	0.0
TRUSTS(431, 26)	0.7971906660263
TRUSTS(290, 296)	0.9961231202405032
TRUSTS(290, 295)	0.9960451549254421
TRUSTS(520, 521)	0.5000000000000002
TRUSTS(290, 297)	0.9964267812855867
TRUSTS(290, 293)	0.9963360663863472
TRUSTS(290, 294)	1.0
TRUSTS(290, 291)	1.0
TRUSTS(290, 292)	0.9966078344870368
TRUSTS(528, 279)	0.0
TRUSTS(527, 312)	1.0
TRUSTS(6, 21)	0.7663942338185131
TRUSTS(122, 123)	1.0
TRUSTS(7, 8)	0.0
TRUSTS(521, 520)	0.5000000000000002
TRUSTS(421, 322)	0.6571837278638301
TRUSTS(415, 545)	0.8465644373824712
TRUSTS(415, 547)	0.8376014704789704
TRUSTS(533, 6)	0.7824355115856472
TRUSTS(527, 220)	0.6778905767833723
TRUSTS(523, 369)	0.5000000000000002
TRUSTS(292, 294)	1.0
TRUSTS(292, 293)	1.0
TRUSTS(292, 296)	0.9969109366235239
TRUSTS(292, 295)	0.9966813223370306
TRUSTS(292, 297)	1.0
TRUSTS(415, 553)	0.35580257263756015
TRUSTS(292, 290)	0.9966078344870369
TRUSTS(292, 291)	1.0
TRUSTS(414, 550)	1.0
TRUSTS(414, 547)	0.0
TRUSTS(423, 220)	0.7649183917624341
TRUSTS(414, 551)	0.8036729703067622
TRUSTS(533, 26)	0.0
TRUSTS(287, 460)	1.0
TRUSTS(117, 383)	1.0
TRUSTS(418, 415)	0.5000123607137044
TRUSTS(421, 310)	0.7984569841850379
TRUSTS(533, 21)	0.5348962531026183
TRUSTS(291, 293)	1.0
TRUSTS(291, 292)	0.9971698778195384
TRUSTS(291, 290)	1.0
TRUSTS(291, 297)	1.0
TRUSTS(291, 296)	1.0
TRUSTS(291, 295)	1.0
TRUSTS(291, 294)	1.0
TRUSTS(414, 559)	0.0
TRUSTS(424, 144)	0.6734399615670106
TRUSTS(185, 186)	1.0
TRUSTS(413, 550)	0.45921794090781404
TRUSTS(118, 119)	0.5000000000000002
TRUSTS(280, 553)	0.5011007239951356
TRUSTS(176, 516)	0.701165253646144
TRUSTS(413, 559)	0.5001840957820344
TRUSTS(413, 553)	0.5778138989958963
TRUSTS(414, 516)	1.0
TRUSTS(417, 418)	0.0
TRUSTS(426, 80)	0.4609766343527707
TRUSTS(527, 146)	1.0
TRUSTS(186, 168)	0.9401570117466143
TRUSTS(415, 497)	0.6936453221394459
TRUSTS(176, 550)	1.0
TRUSTS(279, 548)	0.6805942385412144
TRUSTS(286, 287)	0.5000000000000002
TRUSTS(107, 545)	0.8290745172523034
TRUSTS(527, 168)	0.8169779232248084
TRUSTS(107, 539)	0.7845866341276216
TRUSTS(279, 552)	0.47245396815779045
TRUSTS(279, 553)	1.0
TRUSTS(414, 499)	0.0
TRUSTS(426, 6)	1.0
TRUSTS(423, 119)	1.0
TRUSTS(415, 414)	0.28743715229447075
TRUSTS(415, 418)	0.46584815065558105
TRUSTS(529, 26)	1.0
TRUSTS(414, 460)	0.7278700323823438
TRUSTS(114, 314)	0.0
TRUSTS(187, 188)	0.5000000000000002
TRUSTS(515, 516)	1.0
TRUSTS(415, 426)	0.3490655536322629
TRUSTS(516, 482)	1.0
TRUSTS(114, 322)	0.8671935427912815
TRUSTS(184, 315)	0.8217405085334659
TRUSTS(288, 289)	1.0
TRUSTS(414, 415)	0.0
TRUSTS(413, 460)	1.0
TRUSTS(5, 6)	0.0
TRUSTS(120, 121)	0.5000000000000002
TRUSTS(414, 431)	0.4687593510454962
TRUSTS(114, 354)	0.8671907762801109
TRUSTS(411, 552)	0.9278193187520369
TRUSTS(176, 410)	0.9067853008505059
TRUSTS(527, 526)	0.9918032786885244
TRUSTS(410, 550)	1.0
TRUSTS(415, 365)	0.8589320492859364
TRUSTS(527, 525)	1.0
TRUSTS(541, 6)	0.0
TRUSTS(297, 296)	1.0
TRUSTS(297, 295)	0.996654011042467
TRUSTS(297, 294)	0.9963370014691482
TRUSTS(410, 545)	1.0
TRUSTS(297, 293)	1.0
TRUSTS(297, 292)	1.0
TRUSTS(305, 26)	0.74096011363344
TRUSTS(415, 354)	0.784892625822177
TRUSTS(6, 322)	0.7451486548459756
TRUSTS(305, 21)	0.5325130934013441
TRUSTS(14, 15)	1.0
TRUSTS(6, 312)	1.0
TRUSTS(414, 383)	0.9465307353871055
TRUSTS(6, 314)	0.4223933769885209
TRUSTS(540, 58)	0.8864324547537175
TRUSTS(6, 308)	0.42039633462722503
TRUSTS(540, 53)	1.0
TRUSTS(6, 303)	0.5189536835434063
TRUSTS(183, 184)	1.0
TRUSTS(541, 42)	0.6375989584008045
TRUSTS(541, 36)	0.8538959778307924
TRUSTS(409, 555)	1.0
TRUSTS(529, 482)	0.0
TRUSTS(539, 107)	0.8317772121168379
TRUSTS(296, 297)	1.0
TRUSTS(414, 366)	1.0
TRUSTS(415, 322)	0.7930310434565068
TRUSTS(533, 357)	0.2649746065591447
TRUSTS(297, 290)	0.9964267812855866
TRUSTS(297, 291)	0.9970941041064088
TRUSTS(415, 315)	0.7518304506124805
TRUSTS(414, 353)	0.896377077826353
TRUSTS(528, 529)	0.0
TRUSTS(116, 117)	0.0
TRUSTS(184, 183)	0.500491400389654
TRUSTS(415, 308)	0.5273882637441173
TRUSTS(107, 454)	1.0
TRUSTS(410, 482)	1.0
TRUSTS(8, 313)	0.013120728927994586
TRUSTS(16, 17)	1.0
TRUSTS(411, 442)	0.9398563776041335
TRUSTS(16, 19)	1.0
TRUSTS(184, 168)	0.7265122430225363
TRUSTS(176, 451)	0.8339621731814977
TRUSTS(184, 212)	0.6930445624654444
TRUSTS(6, 364)	0.3895996195111169
TRUSTS(298, 299)	1.0
TRUSTS(408, 533)	1.0
TRUSTS(526, 525)	1.0
TRUSTS(410, 451)	0.8339703400232746
TRUSTS(526, 527)	0.9918032786885244
TRUSTS(410, 454)	1.0
TRUSTS(539, 49)	0.5000000000000002
TRUSTS(6, 353)	0.8662568345699297
TRUSTS(6, 351)	1.0
TRUSTS(540, 21)	1.0
TRUSTS(410, 434)	1.0
TRUSTS(529, 322)	0.1324629229632689
TRUSTS(294, 290)	1.0
TRUSTS(107, 265)	0.19141643832815564
TRUSTS(413, 314)	0.5000000000000002
TRUSTS(6, 184)	0.677671451789331
TRUSTS(168, 559)	0.6015306938991968
TRUSTS(294, 297)	1.0
TRUSTS(294, 296)	0.9968364782427835
TRUSTS(294, 295)	1.0
TRUSTS(294, 293)	0.9971699127355915
TRUSTS(294, 292)	1.0
TRUSTS(168, 553)	1.0
TRUSTS(294, 291)	1.0
TRUSTS(8, 107)	0.12243248001432006
TRUSTS(414, 265)	0.0
TRUSTS(416, 190)	0.5000000000000002
TRUSTS(408, 484)	0.8526991056390912
TRUSTS(6, 168)	0.7328461220048178
TRUSTS(293, 292)	1.0
TRUSTS(293, 294)	0.9971699127355915
TRUSTS(415, 212)	0.7222915694513546
TRUSTS(293, 295)	1.0
TRUSTS(411, 354)	0.8708316608945713
TRUSTS(293, 290)	1.0
TRUSTS(105, 364)	1.0
TRUSTS(293, 291)	1.0
TRUSTS(293, 297)	1.0
TRUSTS(293, 296)	1.0
TRUSTS(112, 114)	1.0
TRUSTS(112, 113)	1.0
TRUSTS(184, 6)	1.0
TRUSTS(107, 313)	0.8351728002843732
TRUSTS(107, 312)	1.0
TRUSTS(525, 527)	1.0
TRUSTS(115, 15)	0.5000000000000002
TRUSTS(525, 526)	1.0
TRUSTS(10, 11)	1.0
TRUSTS(415, 168)	0.7071566912801126
TRUSTS(410, 354)	0.8288197400138673
TRUSTS(107, 315)	0.8060387371680712
TRUSTS(303, 6)	0.43982862808412765
TRUSTS(176, 338)	0.8816141044766872
TRUSTS(408, 434)	1.0
TRUSTS(414, 212)	0.5816695885186052
TRUSTS(410, 365)	0.8437650583842936
TRUSTS(303, 21)	0.8275774887195253
TRUSTS(522, 523)	1.0
TRUSTS(176, 322)	0.896260129677991
TRUSTS(303, 26)	1.0
TRUSTS(183, 73)	0.5005809480569077
TRUSTS(296, 292)	1.0
TRUSTS(529, 279)	1.0
TRUSTS(296, 291)	1.0
TRUSTS(296, 290)	1.0
TRUSTS(296, 295)	0.9966744049475884
TRUSTS(296, 294)	0.9968364782427834
TRUSTS(419, 15)	0.5000000000000002
TRUSTS(296, 293)	1.0
TRUSTS(527, 354)	0.8496956008184641
TRUSTS(184, 73)	0.5005819554653526
TRUSTS(107, 346)	0.9113902762901757
TRUSTS(299, 132)	0.804660108838029
TRUSTS(409, 369)	1.0
TRUSTS(176, 354)	0.8794102165675132
TRUSTS(107, 365)	0.8897336770360466
TRUSTS(107, 364)	1.0
TRUSTS(6, 212)	0.7772229538028063
TRUSTS(11, 26)	0.6962088202078525
TRUSTS(295, 291)	0.996929106625647
TRUSTS(295, 290)	1.0
TRUSTS(295, 293)	1.0
TRUSTS(414, 162)	0.0
TRUSTS(295, 292)	1.0
TRUSTS(408, 383)	1.0
TRUSTS(295, 294)	0.9962652589105594
TRUSTS(295, 297)	1.0
TRUSTS(295, 296)	1.0
TRUSTS(533, 162)	0.5994350321840739
TRUSTS(414, 170)	0.13716350190801913
TRUSTS(181, 182)	0.5000000000000002
TRUSTS(418, 21)	0.5000123914764039
TRUSTS(168, 527)	0.8334324036522955
TRUSTS(11, 414)	0.4997799601976804
TRUSTS(11, 415)	0.5002376485964767
TRUSTS(132, 338)	0.7488246977069434
TRUSTS(276, 353)	0.9254364582307101
TRUSTS(278, 279)	1.0
TRUSTS(377, 376)	0.5000000000000002
TRUSTS(11, 410)	1.0
TRUSTS(278, 277)	0.8278579354800437
TRUSTS(11, 411)	0.0
TRUSTS(11, 413)	1.0
TRUSTS(21, 51)	0.8506084141192841
TRUSTS(132, 322)	0.8059438190237146
TRUSTS(482, 365)	1.0
TRUSTS(22, 26)	0.5056675462067112
TRUSTS(387, 21)	0.8309694011651683
TRUSTS(168, 539)	1.0
TRUSTS(21, 58)	1.0
TRUSTS(168, 552)	1.0
TRUSTS(168, 551)	1.0
TRUSTS(8, 545)	0.037095038206931094
TRUSTS(279, 277)	0.7798487077804763
TRUSTS(378, 379)	1.0
TRUSTS(278, 322)	0.9166682093100702
TRUSTS(279, 278)	0.8278579354800434
TRUSTS(279, 280)	0.5011316318768002
TRUSTS(21, 80)	0.6879973784527568
TRUSTS(482, 354)	0.8356281900271076
TRUSTS(22, 58)	0.5016016772705867
TRUSTS(177, 178)	0.5000000000000002
TRUSTS(383, 204)	1.0
TRUSTS(131, 322)	0.6225401093631486
TRUSTS(132, 299)	0.6578428164282965
TRUSTS(476, 557)	0.5000000000000002
TRUSTS(23, 24)	1.0
TRUSTS(482, 338)	0.8674348640576713
TRUSTS(168, 516)	0.7237614082052419
TRUSTS(168, 460)	1.0
TRUSTS(6, 533)	0.8353474233629006
TRUSTS(132, 271)	0.8269478161722934
TRUSTS(278, 212)	0.9166734426384742
TRUSTS(481, 482)	0.5000000000000002
TRUSTS(383, 220)	0.9507333173493274
TRUSTS(176, 168)	0.9146368284268803
TRUSTS(170, 387)	0.5000000000000002
TRUSTS(20, 21)	1.0
TRUSTS(20, 22)	0.5000000000000002
TRUSTS(6, 541)	0.33815341953782835
TRUSTS(168, 471)	1.0
TRUSTS(6, 545)	1.0
TRUSTS(271, 482)	1.0
TRUSTS(166, 550)	0.5000000000000002
TRUSTS(168, 478)	1.0
TRUSTS(493, 26)	0.7330071577392779
TRUSTS(168, 482)	1.0
TRUSTS(482, 431)	1.0
TRUSTS(170, 414)	0.1328387915816089
TRUSTS(21, 6)	0.7095668050663235
TRUSTS(277, 280)	0.5011007239912052
TRUSTS(383, 248)	1.0
TRUSTS(482, 410)	0.8218100921771018
TRUSTS(178, 58)	0.5000000000000002
TRUSTS(168, 429)	0.5000000000000002
TRUSTS(129, 354)	0.6908191885093506
TRUSTS(276, 322)	0.8843731153451009
TRUSTS(493, 6)	1.0
TRUSTS(168, 431)	0.7654430655239034
TRUSTS(276, 325)	1.0
TRUSTS(135, 136)	1.0
TRUSTS(168, 434)	1.0
TRUSTS(130, 322)	0.8132064780113977
TRUSTS(175, 176)	0.0
TRUSTS(168, 442)	1.0
TRUSTS(21, 26)	0.7758971068024438
TRUSTS(168, 446)	1.0
TRUSTS(276, 307)	1.0
TRUSTS(168, 451)	0.8201879656266151
TRUSTS(168, 454)	1.0
TRUSTS(276, 313)	1.0
TRUSTS(277, 279)	1.0
TRUSTS(21, 36)	1.0
TRUSTS(277, 278)	1.0
TRUSTS(6, 482)	0.7899405924959275
TRUSTS(369, 553)	0.5000000000000002
TRUSTS(476, 479)	1.0
TRUSTS(132, 210)	0.7360301162092527
TRUSTS(476, 475)	1.0
TRUSTS(6, 493)	0.37189716547392865
TRUSTS(168, 415)	1.0
TRUSTS(374, 375)	0.5000000000000002
TRUSTS(168, 411)	1.0
TRUSTS(168, 410)	0.8741001642718663
TRUSTS(168, 367)	1.0
TRUSTS(482, 218)	0.8181246360583521
TRUSTS(475, 476)	1.0
TRUSTS(476, 433)	1.0
TRUSTS(170, 315)	0.8454016556448115
TRUSTS(268, 545)	0.8480594681962137
TRUSTS(133, 134)	1.0
TRUSTS(482, 212)	0.849038340880887
TRUSTS(132, 168)	0.8127185194074555
TRUSTS(168, 387)	1.0
TRUSTS(383, 80)	1.0
TRUSTS(166, 451)	1.0
TRUSTS(275, 276)	0.5000000000000002
TRUSTS(166, 454)	0.9286941721121494
TRUSTS(482, 322)	0.8513340737072502
TRUSTS(278, 94)	0.5000000000000002
TRUSTS(162, 559)	0.7937870469116237
TRUSTS(371, 545)	0.7541815915829589
TRUSTS(271, 354)	0.6366697551357928
TRUSTS(132, 142)	0.44521999546941404
TRUSTS(162, 553)	0.4512834223191743
TRUSTS(162, 557)	1.0
TRUSTS(273, 274)	1.0
TRUSTS(476, 538)	1.0
TRUSTS(276, 162)	1.0
TRUSTS(482, 315)	0.8256385977636737
TRUSTS(268, 451)	0.8378898081880083
TRUSTS(383, 117)	0.5000000000000002
TRUSTS(6, 434)	0.45022272334153124
TRUSTS(168, 351)	0.7063018553658256
TRUSTS(132, 130)	0.6288204644446006
TRUSTS(6, 426)	0.6656693443096667
TRUSTS(6, 446)	0.4609284815315607
TRUSTS(168, 308)	1.0
TRUSTS(274, 273)	1.0
TRUSTS(168, 310)	1.0
TRUSTS(271, 387)	1.0
TRUSTS(168, 312)	1.0
TRUSTS(477, 478)	0.0
TRUSTS(162, 533)	0.0
TRUSTS(8, 364)	0.15047432058146204
TRUSTS(376, 377)	0.5000000000000002
TRUSTS(8, 365)	0.015925402715732055
TRUSTS(482, 271)	0.8397135791805209
TRUSTS(162, 543)	0.22581678743915784
TRUSTS(168, 322)	1.0
TRUSTS(162, 545)	1.0
TRUSTS(162, 548)	0.5012516190056245
TRUSTS(484, 204)	1.0
TRUSTS(168, 313)	1.0
TRUSTS(268, 469)	0.8781424394624329
TRUSTS(482, 264)	0.4688862097670068
TRUSTS(168, 314)	1.0
TRUSTS(168, 315)	1.0
TRUSTS(6, 451)	0.7005394429534874
TRUSTS(268, 471)	0.9343970558293492
TRUSTS(131, 130)	0.7697033390948124
TRUSTS(268, 473)	0.9138891619200469
TRUSTS(21, 317)	0.525686526421049
TRUSTS(21, 315)	0.8167405192471309
TRUSTS(26, 129)	0.6908191885093498
TRUSTS(371, 354)	0.7805456081748186
TRUSTS(21, 313)	1.0
TRUSTS(162, 516)	0.588324287967609
TRUSTS(366, 553)	0.4603507490628342
TRUSTS(367, 516)	0.6027537368166737
TRUSTS(371, 365)	0.7701706075955307
TRUSTS(285, 276)	1.0
TRUSTS(21, 303)	0.8151397164794807
TRUSTS(168, 271)	1.0
TRUSTS(168, 268)	1.0
TRUSTS(21, 310)	0.8851442744436988
TRUSTS(369, 424)	0.5000000000000002
TRUSTS(21, 305)	1.0
TRUSTS(22, 268)	0.5056677728315914
TRUSTS(367, 541)	0.6987629424356152
TRUSTS(367, 537)	0.8269759086209146
TRUSTS(26, 162)	0.0
TRUSTS(166, 338)	1.0
TRUSTS(367, 549)	0.8330164172860222
TRUSTS(162, 482)	0.7604556007466043
TRUSTS(26, 168)	0.7203907973484204
TRUSTS(26, 170)	0.23717038118334222
TRUSTS(21, 354)	0.8298352215934917
TRUSTS(279, 528)	0.03420388012495913
TRUSTS(170, 162)	1.0
TRUSTS(279, 529)	0.8851644533248889
TRUSTS(162, 455)	0.6188578342574911
TRUSTS(166, 307)	0.9788510364275577
TRUSTS(130, 131)	1.0
TRUSTS(377, 162)	1.0
TRUSTS(166, 322)	0.965490464871378
TRUSTS(26, 156)	1.0
TRUSTS(130, 132)	1.0
TRUSTS(367, 533)	1.0
TRUSTS(170, 169)	0.5000000000000002
TRUSTS(21, 338)	0.862411013106168
TRUSTS(484, 533)	0.6742035546690377
TRUSTS(168, 220)	0.9102712270636699
TRUSTS(21, 248)	1.0
TRUSTS(500, 15)	1.0
TRUSTS(21, 252)	0.5186704721578124
TRUSTS(162, 451)	1.0
TRUSTS(162, 453)	0.49875498974809485
TRUSTS(24, 123)	0.5000000000000002
TRUSTS(283, 284)	0.0
TRUSTS(168, 204)	1.0
TRUSTS(169, 170)	1.0
TRUSTS(26, 51)	0.5089444534253617
TRUSTS(26, 57)	0.4996540960364936
TRUSTS(372, 373)	1.0
TRUSTS(278, 476)	0.8571348628960627
TRUSTS(26, 58)	0.7634993555286713
TRUSTS(132, 21)	0.8737251907132559
TRUSTS(162, 410)	0.8199029074781237
TRUSTS(168, 186)	0.9646412655881761
TRUSTS(162, 414)	0.3068325859766734
TRUSTS(162, 413)	0.4061947759421069
TRUSTS(383, 21)	1.0
TRUSTS(128, 129)	0.5000000000000002
TRUSTS(21, 265)	1.0
TRUSTS(26, 80)	0.0
TRUSTS(162, 392)	1.0
TRUSTS(21, 268)	0.8975616358911382
TRUSTS(168, 176)	0.9296047933159444
TRUSTS(168, 184)	1.0
TRUSTS(26, 94)	0.8321078285652925
TRUSTS(364, 497)	0.7629177994810366
TRUSTS(168, 167)	1.0
TRUSTS(26, 11)	0.6127933976567699
TRUSTS(495, 15)	1.0
TRUSTS(168, 162)	0.7043841838252322
TRUSTS(367, 383)	0.8953723998919151
TRUSTS(119, 423)	0.6734399615670107
TRUSTS(281, 282)	1.0
TRUSTS(365, 454)	1.0
TRUSTS(168, 160)	0.5000000000000002
TRUSTS(279, 353)	0.5000000000000002
TRUSTS(366, 414)	0.7794168476580697
TRUSTS(482, 516)	0.6788598810398709
TRUSTS(367, 366)	0.8264441443079068
TRUSTS(371, 218)	0.7269731363756514
TRUSTS(168, 142)	1.0
TRUSTS(367, 363)	0.8400208206342761
TRUSTS(25, 26)	0.5000000000000002
TRUSTS(162, 366)	0.0
TRUSTS(162, 365)	0.743803741048966
TRUSTS(166, 212)	0.935789642703963
TRUSTS(21, 168)	0.8230587372368723
TRUSTS(162, 357)	0.3556153911133783
TRUSTS(129, 26)	1.0
TRUSTS(167, 168)	1.0
TRUSTS(162, 354)	0.6085133790074821
TRUSTS(168, 132)	1.0
TRUSTS(26, 40)	0.3516961080325562
TRUSTS(162, 351)	0.7207662078445558
TRUSTS(21, 220)	1.0
TRUSTS(26, 36)	0.6915533709747755
TRUSTS(484, 383)	0.9040533495692891
TRUSTS(365, 482)	0.8217875926388986
TRUSTS(367, 408)	0.7882827007948116
TRUSTS(168, 121)	0.5000000000000002
TRUSTS(368, 369)	0.5000000000000002
TRUSTS(21, 212)	0.8426277397361669
TRUSTS(369, 329)	1.0
TRUSTS(484, 408)	0.8858775042005059
TRUSTS(156, 555)	0.860104685478412
TRUSTS(21, 204)	1.0
TRUSTS(26, 22)	0.5059377997266759
TRUSTS(26, 21)	0.7192940783634393
TRUSTS(168, 107)	0.8979876731831516
TRUSTS(367, 392)	0.6184834240910625
TRUSTS(156, 550)	0.46870962602824084
TRUSTS(170, 26)	0.25559637341546315
TRUSTS(367, 451)	0.7692634992914736
TRUSTS(21, 132)	0.8666315941618077
TRUSTS(162, 313)	0.8160867825888789
TRUSTS(162, 315)	0.8241592688625122
TRUSTS(364, 541)	0.7860017026331645
TRUSTS(280, 277)	0.5011025323604275
TRUSTS(364, 545)	0.6428632816692336
TRUSTS(280, 279)	0.5011303269926722
TRUSTS(497, 26)	1.0
TRUSTS(365, 497)	0.8377585933604771
TRUSTS(482, 529)	0.39781713721180434
TRUSTS(21, 162)	1.0
TRUSTS(365, 552)	1.0
TRUSTS(156, 516)	1.0
TRUSTS(370, 371)	0.5000000000000002
TRUSTS(369, 409)	0.5000000000000002
TRUSTS(483, 484)	1.0
TRUSTS(367, 473)	0.8437027016709991
TRUSTS(168, 57)	0.860329591179506
TRUSTS(168, 58)	1.0
TRUSTS(21, 156)	1.0
TRUSTS(21, 144)	1.0
TRUSTS(482, 550)	1.0
TRUSTS(165, 166)	0.5000000000000002
TRUSTS(162, 276)	0.7490718174512024
TRUSTS(365, 540)	0.9072200377938435
TRUSTS(162, 264)	1.0
TRUSTS(276, 451)	1.0
TRUSTS(26, 401)	0.18152199403497207
TRUSTS(142, 446)	0.0
TRUSTS(163, 164)	1.0
TRUSTS(268, 168)	0.9019408206680299
TRUSTS(271, 57)	0.8325659952362477
TRUSTS(392, 366)	1.0
TRUSTS(392, 367)	0.6805081538034414
TRUSTS(492, 493)	0.5000000000000002
TRUSTS(26, 410)	0.5871886756485798
TRUSTS(492, 494)	0.5000000000000002
TRUSTS(156, 431)	1.0
TRUSTS(26, 413)	0.6078615148259795
TRUSTS(497, 312)	1.0
TRUSTS(496, 322)	0.5025780714717591
TRUSTS(144, 354)	0.8294764089512746
TRUSTS(493, 434)	1.0
TRUSTS(268, 156)	1.0
TRUSTS(264, 303)	1.0
TRUSTS(264, 308)	1.0
TRUSTS(168, 6)	0.6866269404251927
TRUSTS(36, 58)	0.8512310191619623
TRUSTS(21, 552)	1.0
TRUSTS(26, 367)	0.6569210065595392
TRUSTS(271, 24)	0.0
TRUSTS(35, 36)	0.0
TRUSTS(21, 555)	0.9025008351502135
TRUSTS(271, 26)	0.8168910934147969
TRUSTS(21, 559)	1.0
TRUSTS(151, 152)	1.0
TRUSTS(168, 21)	1.0
TRUSTS(32, 162)	0.0
TRUSTS(264, 268)	1.0
TRUSTS(168, 26)	1.0
TRUSTS(497, 322)	0.8979573594806188
TRUSTS(26, 392)	0.46920602346952456
TRUSTS(168, 36)	1.0
TRUSTS(36, 21)	0.8706151171739864
TRUSTS(391, 392)	1.0
TRUSTS(392, 354)	0.7104064318607434
TRUSTS(497, 324)	0.9238158363367436
TRUSTS(36, 26)	1.0
TRUSTS(264, 279)	0.5000000000000002
TRUSTS(401, 26)	0.5010688367808732
TRUSTS(393, 394)	1.0
TRUSTS(24, 414)	1.0
TRUSTS(162, 142)	0.619110086881398
TRUSTS(156, 357)	0.70004613776229
TRUSTS(497, 364)	1.0
TRUSTS(26, 338)	0.7236139204973374
TRUSTS(497, 365)	1.0
TRUSTS(264, 262)	0.7073866941268447
TRUSTS(21, 533)	0.5315670860678104
TRUSTS(156, 366)	1.0
TRUSTS(162, 156)	0.3973048025006528
TRUSTS(26, 357)	0.518962751954732
TRUSTS(146, 220)	0.64860708269887
TRUSTS(21, 540)	0.9063127420256882
TRUSTS(26, 354)	0.6893473281139431
TRUSTS(26, 366)	0.6340805028459726
TRUSTS(26, 365)	0.578710972762571
TRUSTS(21, 547)	0.8290285288548394
TRUSTS(21, 545)	1.0
TRUSTS(26, 308)	0.7455720025348667
TRUSTS(26, 303)	0.7270757517636168
TRUSTS(162, 170)	0.8488414134060338
TRUSTS(264, 220)	1.0
TRUSTS(26, 305)	0.6997039631428424
TRUSTS(162, 168)	0.7085734492620481
TRUSTS(26, 317)	0.6598299595374896
TRUSTS(268, 80)	0.5227077480105738
TRUSTS(264, 204)	0.7519133035025157
TRUSTS(497, 383)	1.0
TRUSTS(494, 492)	0.5000000000000002
TRUSTS(21, 516)	0.7277159100730792
TRUSTS(162, 80)	0.0
TRUSTS(262, 268)	0.7889545841694058
TRUSTS(24, 354)	0.3919193113878739
TRUSTS(21, 471)	0.8882868981016905
TRUSTS(26, 271)	0.8313323195103152
TRUSTS(142, 322)	0.0
TRUSTS(262, 264)	1.0
TRUSTS(262, 266)	1.0
TRUSTS(21, 460)	0.8464761010035159
TRUSTS(262, 265)	0.5000000000000002
TRUSTS(21, 482)	0.8605008734624073
TRUSTS(262, 253)	0.7578799531559423
TRUSTS(21, 484)	1.0
TRUSTS(268, 36)	0.9270849257678407
TRUSTS(390, 338)	0.5000000000000002
TRUSTS(268, 21)	1.0
TRUSTS(268, 22)	0.5054192699989541
TRUSTS(33, 34)	1.0
TRUSTS(268, 26)	1.0
TRUSTS(160, 168)	1.0
TRUSTS(24, 322)	0.5333074033055909
TRUSTS(26, 248)	0.6527115216382997
TRUSTS(264, 162)	0.7071521113866973
TRUSTS(21, 434)	1.0
TRUSTS(26, 252)	0.6140459248104592
TRUSTS(162, 105)	0.6065221360287568
TRUSTS(32, 19)	1.0
TRUSTS(383, 541)	1.0
TRUSTS(21, 431)	0.8725280046125522
TRUSTS(497, 198)	1.0
TRUSTS(21, 451)	0.7601654552018544
TRUSTS(26, 268)	1.0
TRUSTS(383, 553)	0.1959749204595309
TRUSTS(147, 148)	0.0
TRUSTS(161, 162)	1.0
TRUSTS(265, 107)	0.1404367867699947
TRUSTS(489, 491)	0.5000000000000002
TRUSTS(142, 265)	0.0
TRUSTS(162, 21)	0.6747874581941422
TRUSTS(31, 32)	1.0
TRUSTS(145, 146)	1.0
TRUSTS(26, 212)	0.7036067872896461
TRUSTS(21, 392)	1.0
TRUSTS(265, 80)	0.325871115262023
TRUSTS(21, 418)	0.5000123016411164
TRUSTS(260, 261)	0.5000000000000002
TRUSTS(21, 415)	1.0
TRUSTS(21, 410)	1.0
TRUSTS(162, 26)	0.46054269889266736
TRUSTS(162, 51)	0.843047664670252
TRUSTS(159, 160)	0.5000000000000002
TRUSTS(162, 49)	0.9510921211762721
TRUSTS(21, 365)	1.0
TRUSTS(156, 268)	1.0
TRUSTS(21, 364)	1.0
TRUSTS(21, 367)	1.0
TRUSTS(21, 366)	0.7637093770736658
TRUSTS(26, 206)	0.0
TRUSTS(26, 200)	0.5001051642632857
TRUSTS(21, 387)	0.8431252739495791
TRUSTS(264, 80)	0.0
TRUSTS(24, 271)	0.6551526631946377
TRUSTS(21, 383)	1.0
TRUSTS(162, 57)	0.543923526313327
TRUSTS(42, 80)	0.0
TRUSTS(132, 545)	0.7643636531485523
TRUSTS(143, 144)	0.5000000000000002
TRUSTS(497, 555)	0.8643798398852558
TRUSTS(271, 312)	0.8679915186468794
TRUSTS(512, 15)	0.5000000000000002
TRUSTS(271, 322)	0.7766259494299455
TRUSTS(265, 545)	0.5621183008129731
TRUSTS(268, 434)	1.0
TRUSTS(383, 434)	0.8614381872803096
TRUSTS(383, 408)	0.8789394001675879
TRUSTS(264, 541)	1.0
TRUSTS(383, 414)	0.9605603438156451
TRUSTS(36, 264)	1.0
TRUSTS(264, 549)	1.0
TRUSTS(36, 268)	0.8826803700681561
TRUSTS(264, 550)	0.0
TRUSTS(387, 271)	0.8441343543544153
TRUSTS(132, 482)	0.8332326733299776
TRUSTS(270, 271)	0.0
TRUSTS(155, 156)	1.0
TRUSTS(383, 533)	0.43717136336621853
TRUSTS(268, 354)	0.8571128238318999
TRUSTS(41, 42)	0.5000000000000002
TRUSTS(40, 80)	0.9183220100391922
TRUSTS(268, 367)	1.0
TRUSTS(142, 132)	0.41190989396682126
TRUSTS(132, 516)	0.7707756570672192
TRUSTS(268, 313)	0.8719021015742147
TRUSTS(268, 315)	0.8072299736333621
TRUSTS(36, 206)	0.4219013053511262
TRUSTS(36, 220)	0.7866038658102331
TRUSTS(156, 162)	1.0
TRUSTS(268, 322)	0.9180026504072645
TRUSTS(386, 387)	0.5000000000000002
TRUSTS(501, 502)	1.0
TRUSTS(392, 162)	1.0
TRUSTS(146, 527)	0.5030531436454794
TRUSTS(383, 497)	0.8750334814231191
TRUSTS(136, 369)	0.5000000000000002
TRUSTS(142, 162)	0.6296245632112222
TRUSTS(383, 484)	1.0
TRUSTS(142, 168)	0.2849240286004825
TRUSTS(264, 482)	1.0
TRUSTS(264, 434)	1.0
TRUSTS(271, 168)	0.8676187362741853
TRUSTS(40, 26)	0.508482370089706
TRUSTS(497, 415)	0.8302760780857857
TRUSTS(26, 545)	0.5205904286381836
TRUSTS(264, 431)	1.0
TRUSTS(26, 550)	0.0
TRUSTS(156, 58)	0.7148810077270995
TRUSTS(265, 414)	0.23763643566195058
TRUSTS(36, 168)	0.8664463067428301
TRUSTS(387, 170)	1.0
TRUSTS(383, 322)	0.8272242054946886
TRUSTS(26, 529)	0.46942665978594444
TRUSTS(499, 354)	1.0
TRUSTS(153, 154)	1.0
TRUSTS(387, 168)	0.8009364187717173
TRUSTS(497, 434)	1.0
TRUSTS(26, 533)	0.4167327471103895
TRUSTS(39, 40)	0.5000000000000002
TRUSTS(268, 253)	0.8424886664904441
TRUSTS(509, 15)	0.5000000000000002
TRUSTS(268, 248)	0.9118579759602684
TRUSTS(132, 451)	0.8508568560067961
TRUSTS(26, 516)	0.578240226703017
TRUSTS(269, 237)	1.0
TRUSTS(141, 142)	0.0
TRUSTS(268, 262)	0.7457232363001599
TRUSTS(26, 497)	0.7494525603468158
TRUSTS(496, 497)	0.5008416084706204
TRUSTS(268, 264)	0.8131602987669695
TRUSTS(144, 21)	0.7592425810049099
TRUSTS(26, 493)	0.7128277778286882
TRUSTS(132, 357)	0.5664085792763061
TRUSTS(264, 367)	0.7883850200412207
TRUSTS(132, 354)	0.778529133439039
TRUSTS(264, 364)	1.0
TRUSTS(26, 482)	0.5056479731302355
TRUSTS(142, 8)	0.5000000000000002
TRUSTS(271, 132)	1.0
TRUSTS(26, 471)	0.8768286649332862
TRUSTS(26, 473)	0.93646700865361
TRUSTS(24, 547)	0.4976359666857941
TRUSTS(144, 424)	1.0
TRUSTS(26, 469)	0.8781424394624202
TRUSTS(497, 496)	0.5025780714717591
TRUSTS(132, 366)	0.8281023443047898
TRUSTS(132, 365)	0.8668387701460029
TRUSTS(383, 371)	0.5000000000000002
TRUSTS(26, 460)	0.7368295605466798
TRUSTS(144, 473)	0.6734399615670107
TRUSTS(383, 366)	0.8396823974136889
TRUSTS(383, 367)	1.0
TRUSTS(26, 453)	0.15882148208769664
TRUSTS(156, 26)	1.0
TRUSTS(26, 451)	0.5409813971881877
TRUSTS(26, 452)	0.3130736006294306
TRUSTS(26, 449)	0.3896803980343112
TRUSTS(156, 21)	1.0
TRUSTS(36, 80)	0.7054578142610207
TRUSTS(392, 26)	0.6032114428455806
TRUSTS(387, 212)	0.6618602485470395
TRUSTS(26, 446)	0.6189628216402348
TRUSTS(37, 38)	0.5000000000000002
TRUSTS(392, 21)	0.6808612447127265
TRUSTS(498, 499)	0.5000000000000002
TRUSTS(268, 212)	0.8623282773989194
TRUSTS(264, 354)	0.7659050548186435
TRUSTS(265, 313)	0.5088207887753061
TRUSTS(265, 312)	0.19691508109605577
TRUSTS(382, 383)	1.0
TRUSTS(26, 434)	0.7539752075464254
TRUSTS(26, 431)	1.0
TRUSTS(144, 451)	1.0
TRUSTS(40, 459)	0.6862530786660448
TRUSTS(40, 460)	0.7510805862512503
TRUSTS(558, 559)	1.0
TRUSTS(354, 346)	1.0
TRUSTS(253, 262)	0.7578799531559423
TRUSTS(354, 353)	1.0
TRUSTS(354, 352)	1.0
TRUSTS(354, 351)	0.8111351867085055
TRUSTS(253, 268)	1.0
TRUSTS(51, 21)	1.0
TRUSTS(469, 26)	0.8903440424273685
TRUSTS(354, 364)	1.0
TRUSTS(354, 365)	1.0
TRUSTS(354, 366)	1.0
TRUSTS(354, 367)	1.0
TRUSTS(51, 26)	0.6150743281636405
TRUSTS(253, 251)	1.0
TRUSTS(354, 371)	0.857744116936353
TRUSTS(42, 364)	0.7746576196057091
TRUSTS(364, 6)	0.0
TRUSTS(364, 8)	0.0
TRUSTS(42, 367)	1.0
TRUSTS(353, 414)	0.8783696494152897
TRUSTS(457, 458)	1.0
TRUSTS(460, 354)	0.5636399544186186
TRUSTS(354, 393)	1.0
TRUSTS(364, 21)	0.6834709067833805
TRUSTS(354, 392)	0.7331915775422854
TRUSTS(364, 36)	0.8733877884081764
TRUSTS(364, 42)	0.785607969934758
TRUSTS(557, 548)	0.7168035352316214
TRUSTS(354, 411)	1.0
TRUSTS(354, 410)	1.0
TRUSTS(53, 58)	0.8837249836611056
TRUSTS(248, 516)	0.6605317342977705
TRUSTS(365, 8)	0.0
TRUSTS(557, 552)	1.0
TRUSTS(354, 415)	1.0
TRUSTS(49, 162)	0.9474850755428358
TRUSTS(365, 21)	0.8526735696233146
TRUSTS(454, 516)	0.7648008270560382
TRUSTS(556, 548)	0.8914156131457948
TRUSTS(356, 357)	1.0
TRUSTS(52, 53)	1.0
TRUSTS(365, 26)	1.0
TRUSTS(51, 105)	0.7823670330854136
TRUSTS(556, 553)	1.0
TRUSTS(559, 442)	0.6046154124097501
TRUSTS(354, 446)	0.5253989477633785
TRUSTS(556, 555)	0.950336793859113
TRUSTS(42, 434)	1.0
TRUSTS(248, 473)	0.8437724296653009
TRUSTS(354, 442)	0.9353267700229356
TRUSTS(354, 451)	1.0
TRUSTS(49, 184)	1.0
TRUSTS(354, 465)	1.0
TRUSTS(366, 21)	0.7862592028496429
TRUSTS(252, 446)	1.0
TRUSTS(366, 26)	0.6929625662116602
TRUSTS(471, 58)	1.0
TRUSTS(460, 459)	0.44980062733088316
TRUSTS(354, 460)	1.0
TRUSTS(354, 482)	0.8339210731684689
TRUSTS(42, 541)	0.5827552328707599
TRUSTS(253, 387)	0.5000000000000002
TRUSTS(357, 366)	0.6618267084020724
TRUSTS(364, 107)	0.8431105819972053
TRUSTS(364, 105)	0.768789968159065
TRUSTS(354, 499)	1.0
TRUSTS(461, 463)	1.0
TRUSTS(367, 21)	0.8039887157447619
TRUSTS(40, 555)	0.7662657121094303
TRUSTS(256, 257)	1.0
TRUSTS(353, 550)	1.0
TRUSTS(365, 107)	0.910025013270764
TRUSTS(248, 549)	1.0
TRUSTS(367, 36)	1.0
TRUSTS(253, 353)	1.0
TRUSTS(51, 162)	1.0
TRUSTS(358, 357)	1.0
TRUSTS(367, 26)	1.0
TRUSTS(354, 527)	1.0
TRUSTS(366, 80)	0.7768929094132354
TRUSTS(57, 26)	1.0
TRUSTS(367, 42)	0.5465387699329844
TRUSTS(56, 58)	0.5000000000000002
TRUSTS(357, 411)	1.0
TRUSTS(56, 57)	0.5000000000000002
TRUSTS(264, 58)	0.7796253140810099
TRUSTS(265, 21)	0.09668667035666036
TRUSTS(264, 53)	0.7337556046593426
TRUSTS(359, 357)	1.0
TRUSTS(365, 132)	0.878458493089896
TRUSTS(354, 540)	1.0
TRUSTS(264, 42)	1.0
TRUSTS(471, 26)	1.0
TRUSTS(354, 559)	0.6560126902368945
TRUSTS(264, 36)	1.0
TRUSTS(367, 80)	1.0
TRUSTS(471, 21)	0.9046958279832522
TRUSTS(357, 446)	1.0
TRUSTS(354, 552)	0.9212403792989858
TRUSTS(459, 460)	1.0
TRUSTS(253, 434)	0.9107556207394876
TRUSTS(354, 553)	0.4234016622846146
TRUSTS(360, 357)	1.0
TRUSTS(49, 313)	1.0
TRUSTS(364, 212)	0.6561593726077116
TRUSTS(460, 413)	0.6644938992458025
TRUSTS(460, 414)	1.0
TRUSTS(253, 425)	1.0
TRUSTS(366, 132)	0.8411745030160195
TRUSTS(469, 82)	0.5000000000000002
TRUSTS(365, 162)	1.0
TRUSTS(366, 156)	0.6592184882890473
TRUSTS(36, 367)	1.0
TRUSTS(36, 371)	1.0
TRUSTS(366, 162)	0.4633193553958761
TRUSTS(253, 19)	1.0
TRUSTS(36, 354)	0.8363902503100974
TRUSTS(451, 410)	0.8153300456168099
TRUSTS(253, 24)	1.0
TRUSTS(36, 357)	0.7110895928644202
TRUSTS(247, 248)	1.0
TRUSTS(450, 451)	0.5000000000000002
TRUSTS(36, 364)	1.0
TRUSTS(454, 310)	1.0
TRUSTS(364, 264)	1.0
TRUSTS(357, 533)	0.4083892661883746
TRUSTS(246, 245)	0.8196474808059995
TRUSTS(252, 21)	0.5160423301922655
TRUSTS(246, 244)	0.7667293673719145
TRUSTS(365, 212)	0.8580918590135524
TRUSTS(252, 26)	0.7380382734190141
TRUSTS(365, 218)	0.7721629368409504
TRUSTS(357, 556)	0.823256055468721
TRUSTS(36, 434)	1.0
TRUSTS(454, 212)	0.899584315140674
TRUSTS(357, 553)	1.0
TRUSTS(371, 36)	0.7833348747055895
TRUSTS(449, 411)	0.5000000000000002
TRUSTS(459, 40)	0.7023065783651826
TRUSTS(364, 303)	0.7451035970987528
TRUSTS(452, 307)	1.0
TRUSTS(448, 449)	0.5000000000000002
TRUSTS(367, 168)	0.8843022137054978
TRUSTS(248, 268)	0.8693819402406074
TRUSTS(246, 354)	0.5388368564992443
TRUSTS(446, 533)	0.3181775534859393
TRUSTS(455, 212)	0.9151586841363327
TRUSTS(367, 220)	0.8714507235944167
TRUSTS(460, 26)	1.0
TRUSTS(363, 367)	1.0
TRUSTS(363, 366)	1.0
TRUSTS(248, 220)	1.0
TRUSTS(363, 365)	0.4998602919627116
TRUSTS(363, 364)	0.5011059389237864
TRUSTS(451, 354)	0.8184584026796636
TRUSTS(460, 21)	0.830299739348063
TRUSTS(36, 410)	0.8486577346229207
TRUSTS(446, 553)	0.5788944670943479
TRUSTS(451, 367)	0.8341161767935321
TRUSTS(446, 550)	0.33036118512111595
TRUSTS(451, 364)	1.0
TRUSTS(364, 315)	0.8054381780933302
TRUSTS(367, 204)	0.9055286484573194
TRUSTS(460, 40)	0.6926180721973666
TRUSTS(367, 198)	0.884967473374319
TRUSTS(246, 322)	0.5654674872605598
TRUSTS(253, 58)	1.0
TRUSTS(246, 315)	0.0
TRUSTS(364, 365)	0.857697038464352
TRUSTS(248, 322)	0.9126120650678515
TRUSTS(40, 353)	0.8418819903893431
TRUSTS(453, 452)	0.5000523453137876
TRUSTS(48, 49)	0.0
TRUSTS(365, 322)	0.9019432189529929
TRUSTS(367, 248)	0.8570563830124209
TRUSTS(364, 363)	0.3899306185644312
TRUSTS(454, 410)	0.9138716424939961
TRUSTS(451, 539)	0.7299416622727863
TRUSTS(365, 312)	0.9145165039128089
TRUSTS(42, 264)	0.7175531820666624
TRUSTS(451, 543)	0.19019318030405488
TRUSTS(364, 354)	0.8065658287416477
TRUSTS(451, 545)	0.7804728242932217
TRUSTS(460, 212)	0.6640102762675646
TRUSTS(451, 533)	1.0
TRUSTS(40, 322)	0.8692674351511633
TRUSTS(365, 363)	0.5000867700330788
TRUSTS(252, 148)	1.0
TRUSTS(365, 364)	0.8764682755460733
TRUSTS(365, 354)	0.8270180015462545
TRUSTS(40, 315)	0.8088688582937503
TRUSTS(366, 322)	0.8703733268492962
TRUSTS(365, 351)	0.7642182995981132
TRUSTS(245, 410)	1.0
TRUSTS(367, 264)	0.8114843448783419
TRUSTS(366, 299)	0.8148783489961158
TRUSTS(36, 449)	0.5000159298095144
TRUSTS(367, 268)	0.8394022487231789
TRUSTS(367, 322)	0.8774147457449623
TRUSTS(364, 434)	0.8051171469402926
TRUSTS(50, 51)	0.5000000000000002
TRUSTS(455, 311)	1.0
TRUSTS(366, 357)	0.7151207069625376
TRUSTS(455, 313)	1.0
TRUSTS(51, 6)	1.0
TRUSTS(248, 383)	0.8928375162797827
TRUSTS(454, 346)	0.8883927542979212
TRUSTS(40, 414)	1.0
TRUSTS(366, 354)	0.8152652315319437
TRUSTS(248, 408)	0.882622566566185
TRUSTS(367, 303)	0.8184550177868795
TRUSTS(454, 365)	1.0
TRUSTS(367, 299)	0.8479270493498163
TRUSTS(455, 322)	0.935254240792789
TRUSTS(36, 545)	0.8256468397278504
TRUSTS(365, 371)	1.0
TRUSTS(36, 541)	0.8421554378117954
TRUSTS(367, 354)	0.8071793646528594
TRUSTS(366, 392)	0.5371791072851951
TRUSTS(452, 455)	1.0
TRUSTS(452, 453)	0.5000538495865243
TRUSTS(452, 454)	1.0
TRUSTS(248, 354)	0.8215813077198736
TRUSTS(366, 383)	0.8419640761339573
TRUSTS(452, 446)	0.5000538495865243
TRUSTS(365, 415)	0.867704632588936
TRUSTS(364, 451)	0.5661016749512916
TRUSTS(365, 410)	1.0
TRUSTS(248, 367)	0.8945657205700175
TRUSTS(251, 255)	0.5000000000000002
TRUSTS(251, 254)	1.0
TRUSTS(366, 367)	1.0
TRUSTS(460, 168)	0.6890631047631839
TRUSTS(251, 253)	1.0
TRUSTS(251, 252)	1.0
TRUSTS(366, 363)	0.8431086897779683
TRUSTS(471, 468)	0.9156189099308346
TRUSTS(471, 469)	1.0
TRUSTS(476, 278)	1.0
TRUSTS(482, 58)	1.0
TRUSTS(57, 322)	0.8778163503909492
TRUSTS(51, 545)	0.8002800943538725
TRUSTS(471, 473)	0.9450281537395095
TRUSTS(51, 550)	1.0
TRUSTS(476, 274)	1.0
TRUSTS(470, 473)	0.881333803926199
TRUSTS(471, 434)	1.0
TRUSTS(470, 469)	1.0
TRUSTS(482, 26)	1.0
TRUSTS(470, 468)	1.0
TRUSTS(58, 315)	0.6232622335695281
TRUSTS(57, 353)	0.842827301893084
TRUSTS(246, 32)	1.0
TRUSTS(473, 367)	0.8886460641633553
TRUSTS(482, 21)	0.8638165417015309
TRUSTS(246, 57)	0.7770010542403738
TRUSTS(246, 64)	0.0
TRUSTS(482, 6)	0.7954053957109299
TRUSTS(58, 354)	0.8577764557277155
TRUSTS(58, 351)	0.7273711668968929
TRUSTS(53, 540)	0.8626950833900106
TRUSTS(469, 468)	0.954574537446186
TRUSTS(469, 471)	0.8831493491487588
TRUSTS(476, 212)	0.8571348628960636
TRUSTS(469, 470)	1.0
TRUSTS(348, 107)	1.0
TRUSTS(338, 482)	0.8895516653000828
TRUSTS(476, 190)	0.5000000000000002
TRUSTS(248, 21)	0.8634533767294665
TRUSTS(351, 6)	0.5047484927883223
TRUSTS(468, 471)	1.0
TRUSTS(468, 470)	1.0
TRUSTS(468, 469)	1.0
TRUSTS(60, 322)	1.0
TRUSTS(468, 474)	0.5000000000000002
TRUSTS(468, 473)	1.0
TRUSTS(58, 414)	0.3021551630511895
TRUSTS(58, 410)	0.8596738067765154
TRUSTS(58, 408)	0.8310319876167639
TRUSTS(57, 442)	1.0
TRUSTS(67, 70)	0.5000000000000002
TRUSTS(67, 69)	0.0
TRUSTS(67, 68)	0.0
TRUSTS(353, 40)	1.0
TRUSTS(474, 468)	1.0
TRUSTS(57, 454)	1.0
TRUSTS(482, 168)	0.804812305539394
TRUSTS(248, 26)	1.0
TRUSTS(58, 415)	1.0
TRUSTS(482, 162)	1.0
TRUSTS(248, 80)	0.7883471924301848
TRUSTS(338, 540)	1.0
TRUSTS(351, 58)	0.7379441066783216
TRUSTS(58, 431)	1.0
TRUSTS(58, 434)	1.0
TRUSTS(473, 484)	1.0
TRUSTS(353, 6)	1.0
TRUSTS(58, 451)	0.8046649636737029
TRUSTS(473, 470)	1.0
TRUSTS(473, 471)	1.0
TRUSTS(473, 468)	0.9151478388882196
TRUSTS(58, 471)	0.8294082939509883
TRUSTS(482, 132)	1.0
TRUSTS(351, 162)	0.752336739563909
TRUSTS(354, 53)	1.0
TRUSTS(62, 322)	0.5000000000000002
TRUSTS(64, 246)	0.5191064174099085
TRUSTS(244, 245)	1.0
TRUSTS(244, 246)	1.0
TRUSTS(346, 351)	1.0
TRUSTS(58, 482)	0.7115041118053497
TRUSTS(351, 168)	0.691839729047089
TRUSTS(346, 354)	0.8506860303264749
TRUSTS(354, 58)	1.0
TRUSTS(346, 313)	1.0
TRUSTS(484, 21)	0.9193664892739829
TRUSTS(354, 21)	1.0
TRUSTS(353, 57)	1.0
TRUSTS(473, 424)	0.7649183917624341
TRUSTS(245, 246)	1.0
TRUSTS(70, 80)	0.9411760637187353
TRUSTS(245, 244)	0.8196474808059994
TRUSTS(354, 36)	1.0
TRUSTS(346, 322)	0.8671924254417487
TRUSTS(354, 26)	0.7684170078900523
TRUSTS(354, 24)	1.0
TRUSTS(58, 516)	0.0
TRUSTS(58, 36)	1.0
TRUSTS(469, 268)	0.8903440424273666
TRUSTS(354, 132)	1.0
TRUSTS(354, 129)	1.0
TRUSTS(58, 21)	0.6933749811518966
TRUSTS(58, 22)	0.5013218497417086
TRUSTS(464, 465)	0.5000000000000002
TRUSTS(348, 339)	1.0
TRUSTS(354, 117)	1.0
TRUSTS(471, 220)	1.0
TRUSTS(473, 144)	1.0
TRUSTS(354, 114)	1.0
TRUSTS(353, 148)	0.5000000000000002
TRUSTS(354, 111)	1.0
TRUSTS(58, 26)	0.7630401880668376
TRUSTS(471, 168)	1.0
TRUSTS(58, 53)	0.8615507521990285
TRUSTS(354, 78)	0.5000000000000002
TRUSTS(51, 308)	1.0
TRUSTS(354, 80)	0.6022898629608902
TRUSTS(59, 60)	1.0
TRUSTS(357, 80)	1.0
TRUSTS(460, 551)	0.8040331399142809
TRUSTS(53, 264)	0.769656487205769
TRUSTS(58, 80)	0.5629430535317121
TRUSTS(460, 553)	1.0
TRUSTS(354, 176)	1.0
TRUSTS(346, 454)	1.0
TRUSTS(473, 26)	1.0
TRUSTS(57, 168)	0.8634184074852146
TRUSTS(354, 162)	0.7032867346040627
TRUSTS(357, 26)	1.0
TRUSTS(354, 144)	0.8610023671709082
TRUSTS(353, 182)	0.0
TRUSTS(357, 36)	1.0
TRUSTS(57, 162)	1.0
TRUSTS(61, 62)	1.0
TRUSTS(58, 168)	0.6904966015951436
TRUSTS(53, 354)	0.8405597474585298
TRUSTS(351, 365)	0.7642182995981133
TRUSTS(473, 248)	1.0
TRUSTS(355, 212)	1.0
TRUSTS(354, 248)	1.0
TRUSTS(354, 246)	1.0
TRUSTS(58, 156)	0.612590957834798
TRUSTS(351, 354)	0.7883557682586273
TRUSTS(357, 132)	0.5482138825104511
TRUSTS(51, 410)	1.0
TRUSTS(353, 276)	0.8887944444055915
TRUSTS(473, 268)	1.0
TRUSTS(236, 237)	0.5000000000000002
TRUSTS(351, 346)	0.7848889655461082
TRUSTS(49, 539)	1.0
TRUSTS(473, 220)	0.9261763051990392
TRUSTS(354, 213)	0.5000000000000002
TRUSTS(350, 351)	0.5000000000000002
TRUSTS(51, 434)	1.0
TRUSTS(57, 212)	0.8503280566356235
TRUSTS(354, 322)	0.8812594493162157
TRUSTS(57, 271)	0.8518532421835471
TRUSTS(471, 268)	1.0
TRUSTS(354, 313)	1.0
TRUSTS(354, 312)	1.0
TRUSTS(353, 354)	0.8385761972185338
TRUSTS(353, 352)	0.9140538285732114
TRUSTS(354, 315)	0.7072388830391426
TRUSTS(58, 218)	0.7279906175813873
TRUSTS(57, 246)	1.0
TRUSTS(49, 545)	1.0
TRUSTS(353, 338)	0.9190700507442136
TRUSTS(354, 289)	1.0
TRUSTS(58, 264)	0.8773549917297973
TRUSTS(352, 353)	0.9307904411294958
TRUSTS(352, 354)	1.0
TRUSTS(353, 318)	0.8571493304174697
TRUSTS(238, 239)	1.0
TRUSTS(353, 322)	1.0
TRUSTS(354, 271)	1.0
TRUSTS(63, 64)	1.0
TRUSTS(476, 64)	1.0
TRUSTS(357, 162)	0.42131177514313706
TRUSTS(58, 253)	0.7932050457157345
TRUSTS(353, 315)	1.0
TRUSTS(354, 264)	0.8225447077519454
TRUSTS(354, 268)	1.0
TRUSTS(357, 156)	0.7451371328083927
TRUSTS(353, 307)	0.9508969957635309
TRUSTS(434, 212)	0.7801102333856453
TRUSTS(529, 553)	1.0
TRUSTS(428, 429)	1.0
TRUSTS(80, 70)	0.9166667720078708
TRUSTS(322, 555)	1.0
TRUSTS(434, 204)	0.7864582936593988
TRUSTS(328, 329)	0.5000000000000002
TRUSTS(533, 392)	0.26193922170163725
TRUSTS(530, 531)	0.5000000000000002
TRUSTS(539, 198)	1.0
TRUSTS(220, 527)	0.6988419984116725
TRUSTS(324, 497)	0.8976700061069917
TRUSTS(533, 408)	0.48891598049715473
TRUSTS(426, 539)	1.0
TRUSTS(79, 80)	1.0
TRUSTS(80, 42)	0.5456125641326325
TRUSTS(80, 40)	1.0
TRUSTS(533, 367)	0.43803607201966915
TRUSTS(80, 36)	0.762282649101996
TRUSTS(70, 434)	1.0
TRUSTS(338, 21)	1.0
TRUSTS(539, 168)	0.8122074010692225
TRUSTS(80, 58)	0.5254056456410141
TRUSTS(233, 15)	0.5000000000000002
TRUSTS(529, 528)	0.057263801518258835
TRUSTS(533, 383)	1.0
TRUSTS(541, 80)	1.0
TRUSTS(322, 497)	0.9040704885415725
TRUSTS(322, 496)	0.5008416084706204
TRUSTS(545, 21)	0.837167341481719
TRUSTS(537, 322)	0.7849259736522409
TRUSTS(545, 26)	1.0
TRUSTS(220, 471)	0.8692477866387558
TRUSTS(434, 264)	1.0
TRUSTS(80, 6)	0.612607770278927
TRUSTS(220, 473)	0.925621945989864
TRUSTS(434, 268)	1.0
TRUSTS(80, 26)	0.44057429633365036
TRUSTS(322, 514)	0.5000000000000002
TRUSTS(545, 36)	1.0
TRUSTS(322, 516)	0.7284410461119778
TRUSTS(533, 484)	1.0
TRUSTS(80, 21)	0.6044979953353525
TRUSTS(434, 253)	0.914902791313709
TRUSTS(431, 414)	0.5425039225978462
TRUSTS(322, 529)	1.0
TRUSTS(533, 434)	0.0
TRUSTS(226, 225)	0.5000000000000002
TRUSTS(322, 531)	1.0
TRUSTS(434, 308)	1.0
TRUSTS(222, 365)	0.5000000000000002
TRUSTS(322, 526)	1.0
TRUSTS(533, 451)	1.0
TRUSTS(543, 80)	0.7640665371473222
TRUSTS(545, 6)	0.677638264585695
TRUSTS(322, 548)	1.0
TRUSTS(545, 8)	0.0
TRUSTS(322, 549)	0.9635892057416259
TRUSTS(327, 351)	1.0
TRUSTS(541, 144)	0.0
TRUSTS(322, 538)	1.0
TRUSTS(322, 537)	1.0
TRUSTS(220, 423)	0.6453492048275591
TRUSTS(322, 539)	0.8684810952436665
TRUSTS(430, 431)	0.0
TRUSTS(533, 446)	0.0
TRUSTS(80, 200)	0.0
TRUSTS(543, 162)	0.0
TRUSTS(80, 204)	1.0
TRUSTS(547, 24)	0.4982059589352556
TRUSTS(533, 541)	0.3461369695537487
TRUSTS(434, 314)	0.6350165799498466
TRUSTS(547, 21)	0.8146692493735883
TRUSTS(80, 212)	0.5358907696651781
TRUSTS(545, 107)	0.8412631676636156
TRUSTS(431, 434)	0.7846348448527548
TRUSTS(440, 101)	1.0
TRUSTS(536, 436)	0.5000000000000002
TRUSTS(539, 322)	0.8959158306093561
TRUSTS(80, 220)	1.0
TRUSTS(434, 364)	1.0
TRUSTS(545, 49)	1.0
TRUSTS(545, 51)	1.0
TRUSTS(80, 162)	0.34422048642274317
TRUSTS(338, 132)	0.8568587365505815
TRUSTS(431, 482)	0.7611083371004007
TRUSTS(541, 204)	1.0
TRUSTS(532, 533)	0.5000000000000002
TRUSTS(535, 436)	1.0
TRUSTS(538, 322)	0.6130683914911498
TRUSTS(442, 57)	0.8383471653686776
TRUSTS(537, 367)	0.8567500576609198
TRUSTS(338, 26)	1.0
TRUSTS(433, 434)	0.0
TRUSTS(541, 303)	1.0
TRUSTS(540, 338)	0.8736894865075431
TRUSTS(330, 331)	1.0
TRUSTS(545, 162)	1.0
TRUSTS(541, 308)	0.5779505945095116
TRUSTS(434, 383)	1.0
TRUSTS(540, 354)	0.8897417931930335
TRUSTS(533, 553)	0.5426040605169921
TRUSTS(434, 426)	0.3650890278527427
TRUSTS(431, 541)	0.8060182203280795
TRUSTS(434, 431)	1.0
TRUSTS(541, 264)	0.6327770340001585
TRUSTS(434, 408)	0.7168873998856876
TRUSTS(220, 550)	1.0
TRUSTS(434, 410)	1.0
TRUSTS(81, 82)	0.0
TRUSTS(543, 204)	0.6779174251549995
TRUSTS(545, 132)	1.0
TRUSTS(547, 58)	0.8532995817504276
TRUSTS(437, 310)	1.0
TRUSTS(229, 230)	1.0
TRUSTS(229, 231)	0.5000000000000002
TRUSTS(541, 383)	1.0
TRUSTS(432, 15)	0.5000000000000002
TRUSTS(539, 451)	1.0
TRUSTS(220, 264)	0.4298717507859408
TRUSTS(541, 364)	0.8243149012382094
TRUSTS(550, 32)	1.0
TRUSTS(218, 365)	1.0
TRUSTS(548, 107)	1.0
TRUSTS(541, 367)	1.0
TRUSTS(545, 212)	0.8199769044186067
TRUSTS(431, 58)	0.7389217131556146
TRUSTS(335, 331)	0.5000000000000002
TRUSTS(550, 26)	0.38601731971659525
TRUSTS(539, 426)	0.8155636901166444
TRUSTS(431, 80)	0.5366420473542535
TRUSTS(221, 222)	0.5000000000000002
TRUSTS(336, 331)	0.5000000000000002
TRUSTS(431, 94)	1.0
TRUSTS(540, 365)	0.9237279244094603
TRUSTS(212, 545)	1.0
TRUSTS(422, 423)	0.5000000000000002
TRUSTS(422, 424)	1.0
TRUSTS(72, 73)	1.0
TRUSTS(220, 248)	1.0
TRUSTS(338, 176)	1.0
TRUSTS(543, 369)	0.5000000000000002
TRUSTS(434, 6)	0.4536484639998324
TRUSTS(70, 132)	0.5000000000000002
TRUSTS(541, 434)	1.0
TRUSTS(423, 422)	0.5000000000000002
TRUSTS(538, 539)	0.7784535375916853
TRUSTS(552, 21)	0.8819970414836172
TRUSTS(538, 540)	1.0
TRUSTS(434, 21)	0.8452513703899359
TRUSTS(538, 541)	0.5000000000000002
TRUSTS(338, 166)	1.0
TRUSTS(541, 431)	0.7879897706307977
TRUSTS(545, 268)	1.0
TRUSTS(548, 162)	0.4968499686748361
TRUSTS(212, 516)	1.0
TRUSTS(551, 53)	1.0
TRUSTS(58, 553)	0.27548588204623287
TRUSTS(212, 476)	1.0
TRUSTS(338, 212)	1.0
TRUSTS(434, 36)	1.0
TRUSTS(545, 265)	0.0
TRUSTS(550, 80)	0.8726673820938832
TRUSTS(220, 168)	0.9141020454809217
TRUSTS(64, 322)	0.36473193649192914
TRUSTS(426, 322)	0.5844802548057285
TRUSTS(434, 26)	0.7562341846769246
TRUSTS(551, 32)	1.0
TRUSTS(58, 547)	0.8401775536021074
TRUSTS(58, 540)	0.8984266843902889
TRUSTS(434, 51)	0.7518436987311427
TRUSTS(219, 220)	0.5000000000000002
TRUSTS(434, 42)	0.474509510791964
TRUSTS(334, 331)	0.5000000000000002
TRUSTS(550, 51)	1.0
TRUSTS(431, 156)	0.8774425814687312
TRUSTS(212, 482)	1.0
TRUSTS(553, 58)	0.0
TRUSTS(431, 168)	0.7852292928271387
TRUSTS(434, 58)	0.7949924101200958
TRUSTS(77, 78)	0.0
TRUSTS(550, 176)	1.0
TRUSTS(434, 70)	0.867675735973559
TRUSTS(225, 226)	0.5000000000000002
TRUSTS(220, 408)	0.8986978936265081
TRUSTS(218, 482)	1.0
TRUSTS(434, 80)	1.0
TRUSTS(550, 156)	1.0
TRUSTS(338, 353)	1.0
TRUSTS(73, 184)	0.5005807801878432
TRUSTS(425, 426)	0.5000000000000002
TRUSTS(431, 204)	1.0
TRUSTS(539, 538)	0.7554273107797049
TRUSTS(73, 183)	0.5005809480569077
TRUSTS(224, 223)	0.5000000000000002
TRUSTS(431, 212)	0.8274252585300886
TRUSTS(346, 107)	1.0
TRUSTS(220, 367)	1.0
TRUSTS(339, 345)	0.5000000000000002
TRUSTS(339, 342)	0.0
TRUSTS(339, 341)	0.0
TRUSTS(339, 340)	1.0
TRUSTS(424, 473)	0.6453492048275591
TRUSTS(339, 349)	0.5000000000000002
TRUSTS(220, 383)	0.9532967319171719
TRUSTS(339, 348)	1.0
TRUSTS(339, 347)	1.0
TRUSTS(339, 346)	0.5000000000000002
TRUSTS(75, 76)	0.0
TRUSTS(426, 415)	0.0
TRUSTS(549, 264)	1.0
TRUSTS(545, 415)	1.0
TRUSTS(337, 338)	1.0
TRUSTS(223, 224)	0.5000000000000002
TRUSTS(338, 307)	1.0
TRUSTS(552, 168)	0.9069567062194415
TRUSTS(549, 248)	1.0
TRUSTS(426, 434)	0.0
TRUSTS(550, 220)	0.7061591897282592
TRUSTS(545, 410)	0.840540073710231
TRUSTS(555, 40)	1.0
TRUSTS(431, 264)	1.0
TRUSTS(218, 371)	0.8259618333152166
TRUSTS(541, 533)	0.0
TRUSTS(548, 279)	1.0
TRUSTS(551, 168)	0.8107849154349634
TRUSTS(555, 21)	0.8591601148452236
TRUSTS(434, 168)	0.7195428724996837
TRUSTS(338, 311)	1.0
TRUSTS(545, 364)	1.0
TRUSTS(545, 371)	0.8466712536973112
TRUSTS(338, 322)	0.9481124575847558
TRUSTS(74, 73)	0.5000000000000002
TRUSTS(543, 451)	0.20869321389584702
TRUSTS(322, 80)	0.7539572643555976
TRUSTS(80, 559)	0.0
TRUSTS(542, 543)	0.5000000000000002
TRUSTS(322, 76)	1.0
TRUSTS(548, 322)	0.9617422744153565
TRUSTS(545, 434)	1.0
TRUSTS(80, 550)	0.8733499451001023
TRUSTS(212, 278)	1.0
TRUSTS(316, 318)	1.0
TRUSTS(315, 354)	0.7561231152639646
TRUSTS(316, 317)	1.0
TRUSTS(218, 58)	1.0
TRUSTS(316, 320)	0.9465619837613438
TRUSTS(316, 319)	1.0
TRUSTS(93, 94)	1.0
TRUSTS(553, 162)	0.0
TRUSTS(322, 89)	1.0
TRUSTS(453, 26)	1.0
TRUSTS(550, 264)	0.5220070903809318
TRUSTS(315, 353)	0.7410817051304343
TRUSTS(545, 451)	1.0
TRUSTS(549, 322)	0.9644220423071721
TRUSTS(311, 455)	0.5000000000000002
TRUSTS(216, 184)	1.0
TRUSTS(220, 36)	1.0
TRUSTS(308, 559)	0.0
TRUSTS(220, 21)	0.8498125681796821
TRUSTS(322, 40)	0.863526092815485
TRUSTS(553, 168)	0.25915758714309417
TRUSTS(212, 322)	1.0
TRUSTS(212, 310)	0.9087207421318105
TRUSTS(322, 64)	1.0
TRUSTS(212, 315)	0.855965066601142
TRUSTS(547, 415)	0.851463976206841
TRUSTS(212, 313)	0.8912373120768914
TRUSTS(442, 411)	0.9516713558206146
TRUSTS(547, 414)	0.15726841297546496
TRUSTS(322, 57)	0.8767439536547125
TRUSTS(446, 252)	0.6451265694087571
TRUSTS(322, 62)	0.5000000000000002
TRUSTS(212, 307)	0.9833149275076373
TRUSTS(322, 60)	1.0
TRUSTS(313, 354)	0.8866925545053276
TRUSTS(206, 451)	0.4332741848519176
TRUSTS(553, 204)	0.0
TRUSTS(322, 17)	1.0
TRUSTS(313, 346)	0.9247543071937577
TRUSTS(550, 313)	0.872952030885315
TRUSTS(550, 308)	0.23992072054405128
TRUSTS(315, 268)	0.8184076608464073
TRUSTS(310, 454)	0.9073270452177981
TRUSTS(551, 299)	0.5000000000000002
TRUSTS(311, 442)	1.0
TRUSTS(308, 555)	0.07997557265108514
TRUSTS(451, 176)	0.8498114866642582
TRUSTS(308, 550)	0.0
TRUSTS(212, 213)	1.0
TRUSTS(446, 357)	0.6698651482801782
TRUSTS(451, 166)	0.8634731203641606
TRUSTS(446, 354)	0.6931652948819607
TRUSTS(549, 367)	1.0
TRUSTS(212, 211)	0.8196474808059995
TRUSTS(451, 168)	0.8239735976015479
TRUSTS(454, 57)	0.82818062500913
TRUSTS(322, 24)	0.5279552024762661
TRUSTS(308, 541)	0.574841702666623
TRUSTS(451, 162)	0.6201853480299706
TRUSTS(544, 545)	0.5000000000000002
TRUSTS(550, 353)	0.8228218939908777
TRUSTS(552, 279)	0.0
TRUSTS(212, 268)	1.0
TRUSTS(559, 21)	0.6065050183933529
TRUSTS(315, 246)	0.414440916110154
TRUSTS(551, 314)	1.0
TRUSTS(551, 315)	1.0
TRUSTS(312, 354)	0.865882822176301
TRUSTS(204, 553)	0.315182357094262
TRUSTS(310, 421)	0.7738294523025339
TRUSTS(555, 156)	1.0
TRUSTS(80, 516)	0.0
TRUSTS(322, 6)	1.0
TRUSTS(80, 541)	0.6108208880334477
TRUSTS(451, 144)	0.787910966507405
TRUSTS(94, 26)	1.0
TRUSTS(80, 543)	0.626602232612831
TRUSTS(213, 212)	0.819647480806
TRUSTS(545, 552)	0.9167547326136426
TRUSTS(210, 322)	0.7360301162092545
TRUSTS(213, 211)	0.7667293673719151
TRUSTS(204, 543)	0.515795330374822
TRUSTS(545, 550)	1.0
TRUSTS(204, 541)	0.9206491100506408
TRUSTS(312, 365)	0.9028640755761328
TRUSTS(446, 317)	0.6756059053796909
TRUSTS(310, 437)	0.6142141492973726
TRUSTS(451, 132)	0.8639872709465378
TRUSTS(212, 414)	0.6691186632332063
TRUSTS(549, 411)	0.5000000000000002
TRUSTS(212, 415)	1.0
TRUSTS(220, 119)	0.6734399615670106
TRUSTS(322, 201)	1.0
TRUSTS(322, 206)	1.0
TRUSTS(446, 434)	0.3962415172154192
TRUSTS(318, 353)	1.0
TRUSTS(322, 210)	1.0
TRUSTS(322, 212)	1.0
TRUSTS(552, 312)	1.0
TRUSTS(442, 559)	0.6214044217793269
TRUSTS(552, 313)	0.8905890188910636
TRUSTS(313, 550)	1.0
TRUSTS(553, 279)	0.8358557622086189
TRUSTS(313, 552)	1.0
TRUSTS(553, 280)	0.5000563548116894
TRUSTS(217, 218)	1.0
TRUSTS(315, 482)	1.0
TRUSTS(322, 224)	1.0
TRUSTS(89, 364)	0.5000000000000002
TRUSTS(453, 162)	1.0
TRUSTS(546, 547)	0.0
TRUSTS(318, 317)	0.8905413667999084
TRUSTS(322, 169)	0.5000000000000002
TRUSTS(451, 212)	0.8002055723051079
TRUSTS(212, 446)	0.3152255562824792
TRUSTS(318, 316)	0.8905481847523583
TRUSTS(322, 168)	1.0
TRUSTS(318, 322)	0.8571493304174695
TRUSTS(550, 410)	0.8903893509984112
TRUSTS(212, 451)	1.0
TRUSTS(99, 11)	0.5000000000000002
TRUSTS(550, 414)	1.0
TRUSTS(212, 455)	1.0
TRUSTS(550, 413)	0.514779849146758
TRUSTS(559, 80)	0.435762359703171
TRUSTS(212, 454)	1.0
TRUSTS(322, 176)	1.0
TRUSTS(454, 107)	0.9090995208274237
TRUSTS(212, 460)	1.0
TRUSTS(312, 552)	0.8957744547906634
TRUSTS(445, 446)	0.0
TRUSTS(212, 431)	1.0
TRUSTS(557, 162)	1.0
TRUSTS(456, 15)	1.0
TRUSTS(97, 98)	1.0
TRUSTS(212, 434)	1.0
TRUSTS(322, 188)	0.5000000000000002
TRUSTS(552, 354)	0.9144353537007569
TRUSTS(322, 198)	1.0
TRUSTS(451, 206)	0.4217707557958568
TRUSTS(453, 132)	1.0
TRUSTS(212, 442)	1.0
TRUSTS(220, 146)	0.6277458167141792
TRUSTS(455, 162)	1.0
TRUSTS(552, 365)	0.8842301663814929
TRUSTS(322, 142)	0.6836561162390046
TRUSTS(210, 424)	1.0
TRUSTS(317, 320)	0.9321564264448174
TRUSTS(314, 434)	1.0
TRUSTS(322, 147)	1.0
TRUSTS(212, 364)	0.7719310436465963
TRUSTS(315, 409)	0.5000000000000002
TRUSTS(312, 516)	0.7168115056136629
TRUSTS(550, 446)	0.38079007332804593
TRUSTS(322, 145)	0.5000000000000002
TRUSTS(212, 338)	1.0
TRUSTS(315, 415)	1.0
TRUSTS(312, 527)	0.8393666904241067
TRUSTS(322, 151)	1.0
TRUSTS(551, 414)	0.8384734998269512
TRUSTS(94, 107)	0.5000000000000002
TRUSTS(322, 164)	1.0
TRUSTS(553, 354)	0.33200650175146046
TRUSTS(322, 166)	0.9737718694390571
TRUSTS(447, 446)	1.0
TRUSTS(212, 387)	0.8070409924960076
TRUSTS(454, 168)	0.8339498772301843
TRUSTS(453, 204)	1.0
TRUSTS(454, 166)	0.8899432940343837
TRUSTS(451, 276)	0.7250183829353707
TRUSTS(315, 364)	0.8378107175663809
TRUSTS(553, 357)	0.5795727337345471
TRUSTS(322, 103)	1.0
TRUSTS(548, 556)	1.0
TRUSTS(550, 482)	1.0
TRUSTS(548, 555)	1.0
TRUSTS(548, 554)	1.0
TRUSTS(548, 553)	1.0
TRUSTS(94, 132)	1.0
TRUSTS(322, 114)	1.0
TRUSTS(548, 552)	1.0
TRUSTS(548, 551)	1.0
TRUSTS(553, 366)	0.49565557650875747
TRUSTS(548, 550)	1.0
TRUSTS(548, 549)	1.0
TRUSTS(88, 367)	1.0
TRUSTS(552, 411)	1.0
TRUSTS(313, 455)	0.8036476576163136
TRUSTS(212, 365)	1.0
TRUSTS(548, 557)	0.6778372411662442
TRUSTS(317, 318)	1.0
TRUSTS(551, 460)	1.0
TRUSTS(317, 316)	0.9373006151297294
TRUSTS(322, 131)	1.0
TRUSTS(559, 162)	0.8062036466128852
TRUSTS(322, 132)	0.8303588497603128
TRUSTS(451, 268)	1.0
TRUSTS(555, 308)	1.0
TRUSTS(220, 80)	1.0
TRUSTS(322, 130)	0.8290117815506817
TRUSTS(553, 383)	0.27426179547281676
TRUSTS(312, 497)	0.8346405783968381
TRUSTS(446, 452)	0.5000523453137968
TRUSTS(317, 539)	1.0
TRUSTS(322, 354)	1.0
TRUSTS(442, 186)	1.0
TRUSTS(553, 415)	0.0
TRUSTS(207, 208)	0.5000000000000002
TRUSTS(322, 353)	1.0
TRUSTS(553, 413)	0.5513096095945189
TRUSTS(198, 539)	0.8186671881475003
TRUSTS(212, 21)	1.0
TRUSTS(212, 26)	0.7582121185795994
TRUSTS(322, 346)	0.9063946565856057
TRUSTS(435, 436)	0.5000000000000002
TRUSTS(80, 308)	0.0
TRUSTS(549, 553)	0.8787633528577218
TRUSTS(434, 471)	0.861703117989005
TRUSTS(551, 484)	1.0
TRUSTS(434, 497)	0.8218663376649069
TRUSTS(442, 201)	0.8298337758624132
TRUSTS(322, 338)	0.9673257809418676
TRUSTS(555, 322)	0.9121442799749018
TRUSTS(549, 550)	1.0
TRUSTS(549, 548)	1.0
TRUSTS(559, 168)	0.6111096862956958
TRUSTS(204, 325)	1.0
TRUSTS(201, 442)	1.0
TRUSTS(434, 493)	0.46714663349192653
TRUSTS(201, 441)	1.0
TRUSTS(87, 89)	1.0
TRUSTS(87, 88)	1.0
TRUSTS(550, 555)	0.8346507742783372
TRUSTS(446, 6)	0.4615431747142169
TRUSTS(322, 321)	0.5000000000000002
TRUSTS(553, 446)	0.5294528261888137
TRUSTS(210, 132)	1.0
TRUSTS(322, 324)	1.0
TRUSTS(206, 279)	0.0
TRUSTS(212, 57)	0.8640261385292325
TRUSTS(87, 90)	0.9910421464387263
TRUSTS(322, 312)	1.0
TRUSTS(550, 548)	0.8489859156858266
TRUSTS(431, 553)	0.28312446990775864
TRUSTS(550, 549)	0.5966330361009429
TRUSTS(550, 552)	1.0
TRUSTS(325, 204)	1.0
TRUSTS(322, 318)	1.0
TRUSTS(434, 446)	0.0
TRUSTS(550, 553)	1.0
TRUSTS(322, 303)	1.0
TRUSTS(442, 168)	1.0
TRUSTS(204, 367)	1.0
TRUSTS(553, 431)	0.0
TRUSTS(322, 307)	1.0
TRUSTS(325, 198)	0.9472380775203428
TRUSTS(553, 434)	0.2893839866024527
TRUSTS(550, 545)	0.8689670860448278
TRUSTS(322, 310)	0.9024361268447307
TRUSTS(446, 26)	1.0
TRUSTS(80, 322)	0.6795488127179992
TRUSTS(315, 557)	1.0
TRUSTS(322, 299)	0.8575447174710614
TRUSTS(441, 200)	1.0
TRUSTS(441, 201)	0.9612761862037343
TRUSTS(555, 409)	0.5000000000000002
TRUSTS(315, 551)	0.8270587372976228
TRUSTS(434, 545)	0.7992513326142444
TRUSTS(551, 552)	0.8254116117559563
TRUSTS(321, 322)	0.5000000000000002
TRUSTS(434, 541)	0.7551669351435619
TRUSTS(551, 548)	0.7889792844992686
TRUSTS(80, 248)	0.7144118406457407
TRUSTS(556, 357)	0.8025873545088328
TRUSTS(198, 497)	0.8631265239428688
TRUSTS(322, 278)	1.0
TRUSTS(322, 276)	1.0
TRUSTS(322, 274)	0.5000000000000002
TRUSTS(557, 315)	0.88983209590397
TRUSTS(322, 271)	1.0
TRUSTS(553, 460)	0.5273857456306387
TRUSTS(324, 198)	0.9469035392579833
TRUSTS(322, 268)	1.0
TRUSTS(434, 553)	0.3395696451613394
TRUSTS(204, 264)	0.7959013302626871
TRUSTS(552, 550)	0.8949038283840082
TRUSTS(437, 404)	1.0
TRUSTS(317, 446)	1.0
TRUSTS(552, 551)	0.8177528230885585
TRUSTS(314, 551)	0.7638415877122757
TRUSTS(322, 255)	1.0
TRUSTS(552, 545)	0.9062889176944702
TRUSTS(552, 548)	0.5705785644603942
TRUSTS(315, 516)	1.0
TRUSTS(442, 212)	0.9404730725320423
TRUSTS(322, 248)	1.0
TRUSTS(206, 205)	1.0
TRUSTS(85, 86)	0.5000000000000002
TRUSTS(320, 317)	1.0
TRUSTS(434, 533)	0.4379667614699364
TRUSTS(204, 308)	0.5288546312887736
TRUSTS(322, 246)	1.0
TRUSTS(80, 268)	1.0
TRUSTS(212, 6)	0.7385225133184806
TRUSTS(80, 265)	0.2366312828416559
TRUSTS(204, 303)	0.8282722483684046
TRUSTS(320, 316)	0.9465619837613438
TRUSTS(323, 198)	1.0
TRUSTS(80, 264)	0.4480292035704442
TRUSTS(446, 80)	0.28522932540077367
TRUSTS(200, 441)	0.9716462379682486
TRUSTS(80, 434)	1.0
TRUSTS(329, 213)	1.0
TRUSTS(553, 533)	0.5775590868719502
TRUSTS(326, 327)	0.5000000000000002
TRUSTS(442, 307)	0.9559423568052728
TRUSTS(212, 152)	1.0
TRUSTS(322, 482)	1.0
TRUSTS(442, 311)	1.0
TRUSTS(324, 411)	1.0
TRUSTS(80, 446)	0.0
TRUSTS(446, 168)	0.5911378491301369
TRUSTS(442, 322)	0.9475275840885551
TRUSTS(89, 87)	1.0
TRUSTS(322, 455)	0.9567656909234843
TRUSTS(89, 88)	0.9863091797999326
TRUSTS(89, 90)	1.0
TRUSTS(552, 557)	1.0
TRUSTS(80, 426)	1.0
TRUSTS(212, 166)	1.0
TRUSTS(559, 308)	0.5444719085812697
TRUSTS(553, 529)	0.800324388143757
TRUSTS(80, 431)	0.6185506666811551
TRUSTS(211, 212)	1.0
TRUSTS(322, 441)	0.9386937659253145
TRUSTS(211, 213)	1.0
TRUSTS(322, 442)	0.9561810913892183
TRUSTS(555, 497)	0.8339885409057538
TRUSTS(322, 449)	1.0
TRUSTS(212, 184)	1.0
TRUSTS(559, 354)	0.678413315533997
TRUSTS(441, 322)	0.9005082010268313
TRUSTS(449, 26)	0.5000160063045819
TRUSTS(204, 484)	0.9088072015850633
TRUSTS(553, 549)	1.0
TRUSTS(553, 548)	0.782034966316628
TRUSTS(322, 426)	1.0
TRUSTS(446, 142)	0.4224920222646749
TRUSTS(553, 550)	1.0
TRUSTS(438, 439)	0.0
TRUSTS(90, 89)	1.0
TRUSTS(449, 36)	0.5000160461402412
TRUSTS(553, 556)	0.8213853768733603
TRUSTS(90, 88)	1.0
TRUSTS(325, 323)	0.9049404411522751
TRUSTS(90, 87)	1.0
TRUSTS(322, 436)	1.0
TRUSTS(325, 324)	0.9545759429098876
TRUSTS(329, 176)	1.0
TRUSTS(212, 204)	1.0
TRUSTS(212, 80)	1.0
TRUSTS(322, 421)	1.0
TRUSTS(80, 383)	1.0
TRUSTS(88, 87)	0.986266357428556
TRUSTS(204, 383)	1.0
TRUSTS(322, 415)	0.7439072961823022
TRUSTS(206, 322)	0.5000000000000002
TRUSTS(322, 398)	1.0
TRUSTS(80, 357)	0.37837358204639654
TRUSTS(209, 210)	0.5000000000000002
TRUSTS(322, 397)	0.8771062629181061
TRUSTS(324, 323)	0.9047003001708455
TRUSTS(324, 322)	0.926841134931904
TRUSTS(89, 26)	1.0
TRUSTS(80, 354)	0.5876730494093176
TRUSTS(80, 366)	0.8059130291794777
TRUSTS(452, 26)	0.5000550297927568
TRUSTS(80, 367)	0.7309741792187541
TRUSTS(329, 144)	0.5000000000000002
TRUSTS(322, 399)	0.5000000000000002
TRUSTS(324, 325)	1.0
TRUSTS(451, 58)	1.0
TRUSTS(451, 6)	1.0
TRUSTS(324, 307)	0.9424769000563004
TRUSTS(559, 413)	0.16257967406539695
TRUSTS(322, 377)	0.5000000000000002
TRUSTS(555, 556)	0.9480788351303729
TRUSTS(204, 408)	0.8949412759218268
TRUSTS(80, 415)	0.0
TRUSTS(80, 414)	1.0
TRUSTS(322, 383)	1.0
TRUSTS(559, 414)	0.009421367795970775
TRUSTS(322, 366)	1.0
TRUSTS(322, 365)	1.0
TRUSTS(88, 90)	0.9686139553945864
TRUSTS(323, 325)	0.9283311209048493
TRUSTS(329, 103)	1.0
TRUSTS(442, 354)	1.0
TRUSTS(451, 21)	1.0
TRUSTS(88, 89)	1.0
TRUSTS(323, 324)	0.9283136360365628
TRUSTS(204, 434)	0.8517092644760724
TRUSTS(555, 550)	1.0
TRUSTS(446, 212)	0.4677568538000192
TRUSTS(322, 367)	1.0
TRUSTS(451, 26)	1.0
TRUSTS(204, 431)	0.7683373054451559
TRUSTS(555, 548)	1.0
